?
Gem Systems GSM-19 BL 18 VI 2019 Canada

/Gem Systems GSM-19 0018465 v9.0 20 XII 2019 M e2@v9 
/ID 1 file 01survey.b   27 IX 22
/datum  33000.00
/no AC filter
/12.2V
/tune initialize Y auto-tune N 033.9uT
/115200bps
/time nT sq 
093824.0  33717.01 99 
093828.0  33717.08 99 
093832.0  33716.83 99 
093836.0  33720.61 99 
093840.0  33722.84 99 
093844.0  33726.83 99 
093848.0  33724.55 99 
093852.0  33724.97 99 
093856.0  33724.51 99 
093900.0  33723.43 99 
093904.0  33723.58 99 
093908.0  33723.79 99 
093912.0  33724.00 99 
093916.0  33724.28 99 
093920.0  33724.36 99 
093924.0  33724.53 99 
093928.0  33724.72 99 
093932.0  33724.87 99 
093936.0  33725.22 99 
093940.0  33725.40 99 
093944.0  33725.34 99 
093948.0  33725.52 99 
093952.0  33725.89 99 
093956.0  33725.91 99 
094000.0  33726.25 99 
094004.0  33726.36 99 
094008.0  33726.46 99 
094012.0  33726.82 99 
094016.0  33726.98 99 
094020.0  33726.96 99 
094024.0  33727.06 99 
094028.0  33727.19 99 
094032.0  33727.34 99 
094036.0  33727.47 99 
094040.0  33727.56 99 
094044.0  33727.75 99 
094048.0  33727.95 99 
094052.0  33728.17 99 
094056.0  33728.42 99 
094100.0  33728.67 99 
094104.0  33728.88 99 
094108.0  33729.07 99 
094112.0  33729.23 99 
094116.0  33729.40 99 
094120.0  33729.55 99 
094124.0  33729.73 99 
094128.0  33729.99 99 
094132.0  33729.96 99 
094136.0  33730.18 99 
094140.0  33730.18 99 
094144.0  33730.43 99 
094148.0  33730.51 99 
094152.0  33730.33 99 
094156.0  33730.51 99 
094200.0  33730.76 99 
094204.0  33730.66 99 
094208.0  33730.92 99 
094212.0  33731.12 99 
094216.0  33731.11 99 
094220.0  33731.37 99 
094224.0  33731.60 99 
094228.0  33731.75 99 
094232.0  33731.99 99 
094236.0  33732.22 99 
094240.0  33732.22 99 
094244.0  33732.42 99 
094248.0  33732.64 99 
094252.0  33732.65 99 
094256.0  33732.92 99 
094300.0  33732.92 99 
094304.0  33732.92 99 
094308.0  33733.06 99 
094312.0  33733.03 99 
094316.0  33732.98 99 
094320.0  33733.10 99 
094324.0  33733.02 99 
094328.0  33733.02 99 
094332.0  33732.85 99 
094336.0  33732.70 99 
094340.0  33732.64 99 
094344.0  33732.45 99 
094348.0  33732.25 99 
094352.0  33732.23 99 
094356.0  33732.11 99 
094400.0  33732.10 99 
094404.0  33732.02 99 
094408.0  33731.99 99 
094412.0  33731.92 99 
094416.0  33731.99 99 
094420.0  33731.79 99 
094424.0  33731.80 99 
094428.0  33731.85 99 
094432.0  33731.85 99 
094436.0  33731.70 99 
094440.0  33731.74 99 
094444.0  33731.49 99 
094448.0  33731.54 99 
094452.0  33731.22 99 
094456.0  33731.21 99 
094500.0  33731.28 99 
094504.0  33731.07 99 
094508.0  33731.05 99 
094512.0  33731.08 99 
094516.0  33730.78 99 
094520.0  33730.87 99 
094524.0  33730.94 99 
094528.0  33730.90 99 
094532.0  33730.86 99 
094536.0  33730.95 99 
094540.0  33730.68 99 
094544.0  33730.60 99 
094548.0  33730.68 99 
094552.0  33730.42 99 
094556.0  33730.56 99 
094600.0  33730.36 99 
094604.0  33730.33 99 
094608.0  33730.41 99 
094612.0  33730.29 99 
094616.0  33730.23 99 
094620.0  33730.34 99 
094624.0  33730.09 99 
094628.0  33730.16 99 
094632.0  33730.17 99 
094636.0  33730.01 99 
094640.0  33729.98 99 
094644.0  33730.02 99 
094648.0  33729.82 99 
094652.0  33729.68 99 
094656.0  33729.58 99 
094700.0  33729.49 99 
094704.0  33729.57 99 
094708.0  33729.47 99 
094712.0  33729.34 99 
094716.0  33729.09 99 
094720.0  33728.93 99 
094724.0  33728.87 99 
094728.0  33728.94 99 
094732.0  33728.76 99 
094736.0  33728.61 99 
094740.0  33728.67 99 
094744.0  33728.54 99 
094748.0  33728.64 99 
094752.0  33728.45 99 
094756.0  33728.38 99 
094800.0  33728.50 99 
094804.0  33728.30 99 
094808.0  33728.03 99 
094812.0  33727.98 99 
094816.0  33728.01 99 
094820.0  33727.96 99 
094824.0  33727.87 99 
094828.0  33727.73 99 
094832.0  33727.72 99 
094836.0  33727.69 99 
094840.0  33727.61 99 
094844.0  33727.61 99 
094848.0  33727.56 99 
094852.0  33727.58 99 
094856.0  33727.47 99 
094900.0  33727.45 99 
094904.0  33727.49 99 
094908.0  33727.37 99 
094912.0  33727.27 99 
094916.0  33727.26 99 
094920.0  33727.09 99 
094924.0  33727.08 99 
094928.0  33727.02 99 
094932.0  33726.85 99 
094936.0  33726.87 99 
094940.0  33726.81 99 
094944.0  33726.65 99 
094948.0  33726.70 99 
094952.0  33726.86 99 
094956.0  33726.72 99 
095000.0  33726.65 99 
095004.0  33726.72 99 
095008.0  33726.72 99 
095012.0  33726.72 99 
095016.0  33726.72 99 
095020.0  33726.70 99 
095024.0  33726.79 99 
095028.0  33726.75 99 
095032.0  33726.72 99 
095036.0  33726.77 99 
095040.0  33726.83 99 
095044.0  33726.94 99 
095048.0  33726.96 99 
095052.0  33727.01 99 
095056.0  33727.10 99 
095100.0  33727.15 99 
095104.0  33727.29 99 
095108.0  33727.28 99 
095112.0  33727.31 99 
095116.0  33727.48 99 
095120.0  33727.47 99 
095124.0  33727.44 99 
095128.0  33727.43 99 
095132.0  33727.47 99 
095136.0  33727.51 99 
095140.0  33727.62 99 
095144.0  33727.73 99 
095148.0  33727.83 99 
095152.0  33728.00 99 
095156.0  33728.03 99 
095200.0  33728.16 99 
095204.0  33728.23 99 
095208.0  33728.28 99 
095212.0  33728.26 99 
095216.0  33728.24 99 
095220.0  33728.28 99 
095224.0  33728.12 99 
095228.0  33728.15 99 
095232.0  33728.09 99 
095236.0  33727.99 99 
095240.0  33727.96 99 
095244.0  33727.88 99 
095248.0  33727.64 99 
095252.0  33727.55 99 
095256.0  33727.33 99 
095300.0  33727.19 99 
095304.0  33727.09 99 
095308.0  33726.90 99 
095312.0  33726.77 99 
095316.0  33726.62 99 
095320.0  33726.52 99 
095324.0  33726.35 99 
095328.0  33726.08 99 
095332.0  33726.01 99 
095336.0  33725.86 99 
095340.0  33725.61 99 
095344.0  33725.47 99 
095348.0  33725.25 99 
095352.0  33725.29 99 
095356.0  33724.98 99 
095400.0  33724.69 99 
095404.0  33724.73 99 
095408.0  33724.64 99 
095412.0  33724.45 99 
095416.0  33724.42 99 
095420.0  33724.29 99 
095424.0  33724.13 99 
095428.0  33724.24 99 
095432.0  33724.28 99 
095436.0  33724.17 99 
095440.0  33724.12 99 
095444.0  33724.12 99 
095448.0  33724.02 99 
095452.0  33724.12 99 
095456.0  33724.05 99 
095500.0  33724.06 99 
095504.0  33724.05 99 
095508.0  33723.98 99 
095512.0  33724.00 99 
095516.0  33724.11 99 
095520.0  33724.18 99 
095524.0  33724.36 99 
095528.0  33724.51 99 
095532.0  33724.60 99 
095536.0  33724.82 99 
095540.0  33724.98 99 
095544.0  33725.10 99 
095548.0  33725.41 99 
095552.0  33725.68 99 
095556.0  33725.66 99 
095600.0  33725.93 99 
095604.0  33726.08 99 
095608.0  33726.32 99 
095612.0  33726.51 99 
095616.0  33726.69 99 
095620.0  33726.84 99 
095624.0  33727.02 99 
095628.0  33727.12 99 
095632.0  33727.32 99 
095636.0  33727.57 99 
095640.0  33727.78 99 
095644.0  33728.02 99 
095648.0  33728.19 99 
095652.0  33728.29 99 
095656.0  33728.38 99 
095700.0  33728.58 99 
095704.0  33728.92 99 
095708.0  33729.12 99 
095712.0  33729.36 99 
095716.0  33729.38 99 
095720.0  33729.58 99 
095724.0  33729.85 99 
095728.0  33729.82 99 
095732.0  33729.91 99 
095736.0  33729.90 99 
095740.0  33729.92 99 
095744.0  33729.89 99 
095748.0  33729.95 99 
095752.0  33729.78 99 
095756.0  33729.74 99 
095800.0  33729.77 99 
095804.0  33729.58 99 
095808.0  33729.65 99 
095812.0  33729.67 99 
095816.0  33729.58 99 
095820.0  33729.72 99 
095824.0  33729.61 99 
095828.0  33729.65 99 
095832.0  33729.61 99 
095836.0  33729.45 99 
095840.0  33729.38 99 
095844.0  33729.31 99 
095848.0  33729.07 99 
095852.0  33728.90 99 
095856.0  33728.87 99 
095900.0  33728.70 99 
095904.0  33728.60 99 
095908.0  33728.60 99 
095912.0  33728.37 99 
095916.0  33728.39 99 
095920.0  33728.35 99 
095924.0  33728.30 99 
095928.0  33728.37 99 
095932.0  33728.38 99 
095936.0  33728.43 99 
095940.0  33728.43 99 
095944.0  33728.31 99 
095948.0  33728.30 99 
095952.0  33728.53 99 
095956.0  33728.63 99 
100000.0  33728.68 99 
100004.0  33728.65 99 
100008.0  33728.67 99 
100012.0  33728.61 99 
100016.0  33728.58 99 
100020.0  33728.59 99 
100024.0  33728.55 99 
100028.0  33728.46 99 
100032.0  33728.40 99 
100036.0  33728.49 99 
100040.0  33728.41 99 
100044.0  33728.41 99 
100048.0  33728.46 99 
100052.0  33728.41 99 
100056.0  33728.53 99 
100100.0  33728.49 99 
100104.0  33728.51 99 
100108.0  33728.71 99 
100112.0  33728.62 99 
100116.0  33728.62 99 
100120.0  33728.75 99 
100124.0  33728.59 99 
100128.0  33728.61 99 
100132.0  33728.63 99 
100136.0  33728.54 99 
100140.0  33728.66 99 
100144.0  33728.64 99 
100148.0  33728.58 99 
100152.0  33728.64 99 
100156.0  33728.64 99 
100200.0  33728.72 99 
100204.0  33728.82 99 
100208.0  33728.66 99 
100212.0  33728.71 99 
100216.0  33728.70 99 
100220.0  33728.74 99 
100224.0  33728.79 99 
100228.0  33728.83 99 
100232.0  33728.71 99 
100236.0  33728.70 99 
100240.0  33728.85 99 
100244.0  33728.71 99 
100248.0  33728.72 99 
100252.0  33728.64 99 
100256.0  33728.62 99 
100300.0  33728.65 99 
100304.0  33728.53 99 
100308.0  33728.56 99 
100312.0  33728.52 99 
100316.0  33728.46 99 
100320.0  33728.43 99 
100324.0  33728.57 99 
100328.0  33728.42 99 
100332.0  33728.40 99 
100336.0  33728.40 99 
100340.0  33728.27 99 
100344.0  33728.34 99 
100348.0  33728.22 99 
100352.0  33728.23 99 
100356.0  33728.26 99 
100400.0  33728.21 99 
100404.0  33728.30 99 
100408.0  33728.27 99 
100412.0  33728.23 99 
100416.0  33728.22 99 
100420.0  33728.33 99 
100424.0  33728.22 99 
100428.0  33728.30 99 
100432.0  33728.17 99 
100436.0  33728.16 99 
100440.0  33728.19 99 
100444.0  33728.04 99 
100448.0  33727.99 99 
100452.0  33727.96 99 
100456.0  33727.89 99 
100500.0  33727.96 99 
100504.0  33727.98 99 
100508.0  33728.02 99 
100512.0  33728.03 99 
100516.0  33728.05 99 
100520.0  33728.04 99 
100524.0  33728.12 99 
100528.0  33728.12 99 
100532.0  33728.17 99 
100536.0  33728.32 99 
100540.0  33728.29 99 
100544.0  33728.42 99 
100548.0  33728.56 99 
100552.0  33728.61 99 
100556.0  33728.69 99 
100600.0  33728.87 99 
100604.0  33728.90 99 
100608.0  33728.94 99 
100612.0  33728.98 99 
100616.0  33728.96 99 
100620.0  33729.17 99 
100624.0  33729.16 99 
100628.0  33729.29 99 
100632.0  33729.33 99 
100636.0  33729.31 99 
100640.0  33729.36 99 
100644.0  33729.43 99 
100648.0  33729.37 99 
100652.0  33729.25 99 
100656.0  33729.20 99 
100700.0  33729.13 99 
100704.0  33729.05 99 
100708.0  33729.00 99 
100712.0  33728.95 99 
100716.0  33728.88 99 
100720.0  33728.77 99 
100724.0  33728.74 99 
100728.0  33728.79 99 
100732.0  33728.68 99 
100736.0  33728.71 99 
100740.0  33728.75 99 
100744.0  33728.65 99 
100748.0  33728.64 99 
100752.0  33728.66 99 
100756.0  33728.68 99 
100800.0  33728.72 99 
100804.0  33728.77 99 
100808.0  33728.77 99 
100812.0  33728.80 99 
100816.0  33728.81 99 
100820.0  33728.72 99 
100824.0  33728.70 99 
100828.0  33728.64 99 
100832.0  33728.50 99 
100836.0  33728.49 99 
100840.0  33728.27 99 
100844.0  33728.14 99 
100848.0  33728.09 99 
100852.0  33728.02 99 
100856.0  33727.87 99 
100900.0  33727.77 99 
100904.0  33727.84 99 
100908.0  33727.82 99 
100912.0  33727.80 99 
100916.0  33727.84 99 
100920.0  33727.89 99 
100924.0  33727.95 99 
100928.0  33728.07 99 
100932.0  33728.07 99 
100936.0  33728.15 99 
100940.0  33728.29 99 
100944.0  33728.42 99 
100948.0  33728.51 99 
100952.0  33728.60 99 
100956.0  33728.76 99 
101000.0  33728.79 99 
101004.0  33728.93 99 
101008.0  33729.02 99 
101012.0  33729.13 99 
101016.0  33729.25 99 
101020.0  33729.41 99 
101024.0  33729.51 99 
101028.0  33729.75 99 
101032.0  33729.84 99 
101036.0  33729.96 99 
101040.0  33730.08 99 
101044.0  33730.03 99 
101048.0  33730.04 99 
101052.0  33729.98 99 
101056.0  33730.02 99 
101100.0  33730.03 99 
101104.0  33730.17 99 
101108.0  33730.05 99 
101112.0  33730.03 99 
101116.0  33730.13 99 
101120.0  33730.11 99 
101124.0  33730.22 99 
101128.0  33730.19 99 
101132.0  33730.07 99 
101136.0  33730.34 99 
101140.0  33730.19 99 
101144.0  33730.20 99 
101148.0  33730.23 99 
101152.0  33730.11 99 
101156.0  33730.21 99 
101200.0  33730.29 99 
101204.0  33730.23 99 
101208.0  33730.37 99 
101212.0  33730.44 99 
101216.0  33730.29 99 
101220.0  33730.46 99 
101224.0  33730.74 99 
101228.0  33730.67 99 
101232.0  33730.69 99 
101236.0  33730.85 99 
101240.0  33730.91 99 
101244.0  33730.93 99 
101248.0  33731.12 99 
101252.0  33730.98 99 
101256.0  33731.30 99 
101300.0  33731.25 99 
101304.0  33731.21 99 
101308.0  33731.48 99 
101312.0  33731.40 99 
101316.0  33731.27 99 
101320.0  33731.63 99 
101324.0  33731.66 99 
101328.0  33731.68 99 
101332.0  33731.82 99 
101336.0  33731.77 99 
101340.0  33731.91 99 
101344.0  33732.00 99 
101348.0  33731.98 99 
101352.0  33731.97 99 
101356.0  33732.12 99 
101400.0  33732.21 99 
101404.0  33732.27 99 
101408.0  33732.26 99 
101412.0  33732.24 99 
101416.0  33732.47 99 
101420.0  33732.43 99 
101424.0  33732.50 99 
101428.0  33732.53 99 
101432.0  33732.57 99 
101436.0  33732.58 99 
101440.0  33732.66 99 
101444.0  33732.60 99 
101448.0  33732.65 99 
101452.0  33732.67 99 
101456.0  33732.65 99 
101500.0  33732.61 99 
101504.0  33732.49 99 
101508.0  33732.53 99 
101512.0  33732.59 99 
101516.0  33732.57 99 
101520.0  33732.65 99 
101524.0  33732.59 99 
101528.0  33732.53 99 
101532.0  33732.49 99 
101536.0  33732.56 99 
101540.0  33732.55 99 
101544.0  33732.50 99 
101548.0  33732.51 99 
101552.0  33732.46 99 
101556.0  33732.53 99 
101600.0  33732.50 99 
101604.0  33732.46 99 
101608.0  33732.49 99 
101612.0  33732.46 99 
101616.0  33732.40 99 
101620.0  33732.48 99 
101624.0  33732.45 99 
101628.0  33732.47 99 
101632.0  33732.48 99 
101636.0  33732.42 99 
101640.0  33732.50 99 
101644.0  33732.47 99 
101648.0  33732.46 99 
101652.0  33732.50 99 
101656.0  33732.59 99 
101700.0  33732.70 99 
101704.0  33732.77 99 
101708.0  33732.81 99 
101712.0  33732.98 99 
101716.0  33733.07 99 
101720.0  33733.11 99 
101724.0  33733.25 99 
101728.0  33733.35 99 
101732.0  33733.40 99 
101736.0  33733.47 99 
101740.0  33733.52 99 
101744.0  33733.64 99 
101748.0  33733.79 99 
101752.0  33733.81 99 
101756.0  33733.82 99 
101800.0  33734.02 99 
101804.0  33734.15 99 
101808.0  33734.17 99 
101812.0  33734.30 99 
101816.0  33734.42 99 
101820.0  33734.53 99 
101824.0  33734.63 99 
101828.0  33734.76 99 
101832.0  33734.87 99 
101836.0  33735.02 99 
101840.0  33735.16 99 
101844.0  33735.26 99 
101848.0  33735.33 99 
101852.0  33735.45 99 
101856.0  33735.59 99 
101900.0  33735.60 99 
101904.0  33735.67 99 
101908.0  33735.80 99 
101912.0  33735.82 99 
101916.0  33735.95 99 
101920.0  33735.95 99 
101924.0  33735.92 99 
101928.0  33736.01 99 
101932.0  33735.95 99 
101936.0  33735.96 99 
101940.0  33735.99 99 
101944.0  33735.98 99 
101948.0  33735.98 99 
101952.0  33736.01 99 
101956.0  33735.93 99 
102000.0  33735.92 99 
102004.0  33735.92 99 
102008.0  33735.85 99 
102012.0  33735.93 99 
102016.0  33735.97 99 
102020.0  33735.92 99 
102024.0  33735.93 99 
102028.0  33735.97 99 
102032.0  33736.01 99 
102036.0  33736.09 99 
102040.0  33735.98 99 
102044.0  33736.08 99 
102048.0  33736.06 99 
102052.0  33735.97 99 
102056.0  33735.97 99 
102100.0  33735.99 99 
102104.0  33735.91 99 
102108.0  33735.79 99 
102112.0  33735.76 99 
102116.0  33735.68 99 
102120.0  33735.68 99 
102124.0  33735.66 99 
102128.0  33735.62 99 
102132.0  33735.62 99 
102136.0  33735.62 99 
102140.0  33735.62 99 
102144.0  33735.61 99 
102148.0  33735.54 99 
102152.0  33735.55 99 
102156.0  33735.50 99 
102200.0  33735.50 99 
102204.0  33735.50 99 
102208.0  33735.47 99 
102212.0  33735.44 99 
102216.0  33735.46 99 
102220.0  33735.41 99 
102224.0  33735.40 99 
102228.0  33735.40 99 
102232.0  33735.37 99 
102236.0  33735.36 99 
102240.0  33735.31 99 
102244.0  33735.21 99 
102248.0  33735.30 99 
102252.0  33735.29 99 
102256.0  33735.23 99 
102300.0  33735.19 99 
102304.0  33735.21 99 
102308.0  33735.27 99 
102312.0  33735.18 99 
102316.0  33735.13 99 
102320.0  33735.17 99 
102324.0  33735.16 99 
102328.0  33735.13 99 
102332.0  33735.21 99 
102336.0  33735.29 99 
102340.0  33735.23 99 
102344.0  33735.36 99 
102348.0  33735.35 99 
102352.0  33735.29 99 
102356.0  33735.33 99 
102400.0  33735.40 99 
102404.0  33735.44 99 
102408.0  33735.49 99 
102412.0  33735.53 99 
102416.0  33735.61 99 
102420.0  33735.64 99 
102424.0  33735.40 99 
102428.0  33735.55 99 
102432.0  33735.66 99 
102436.0  33735.74 99 
102440.0  33735.79 99 
102444.0  33735.84 99 
102448.0  33735.79 99 
102452.0  33735.75 99 
102456.0  33735.74 99 
102500.0  33735.70 99 
102504.0  33735.71 99 
102508.0  33735.72 99 
102512.0  33735.66 99 
102516.0  33735.60 99 
102520.0  33735.54 99 
102524.0  33735.60 99 
102528.0  33735.57 99 
102532.0  33735.57 99 
102536.0  33735.64 99 
102540.0  33735.64 99 
102544.0  33735.59 99 
102548.0  33735.61 99 
102552.0  33735.63 99 
102556.0  33735.54 99 
102600.0  33735.52 99 
102604.0  33735.50 99 
102608.0  33735.42 99 
102612.0  33735.34 99 
102616.0  33735.30 99 
102620.0  33735.22 99 
102624.0  33735.17 99 
102628.0  33735.08 99 
102632.0  33735.02 99 
102636.0  33734.86 99 
102640.0  33734.73 99 
102644.0  33734.63 99 
102648.0  33734.47 99 
102652.0  33734.31 99 
102656.0  33734.09 99 
102700.0  33733.89 99 
102704.0  33733.73 99 
102708.0  33733.60 99 
102712.0  33733.47 99 
102716.0  33733.34 99 
102720.0  33733.18 99 
102724.0  33733.12 99 
102728.0  33732.96 99 
102732.0  33732.83 99 
102736.0  33732.80 99 
102740.0  33732.71 99 
102744.0  33732.56 99 
102748.0  33732.41 99 
102752.0  33732.24 99 
102756.0  33732.17 99 
102800.0  33732.03 99 
102804.0  33731.85 99 
102808.0  33731.84 99 
102812.0  33731.70 99 
102816.0  33731.56 99 
102820.0  33731.63 99 
102824.0  33731.55 99 
102828.0  33731.69 99 
102832.0  33731.67 99 
102836.0  33731.73 99 
102840.0  33731.85 99 
102844.0  33731.89 99 
102848.0  33732.01 99 
102852.0  33732.05 99 
102856.0  33732.10 99 
102900.0  33732.23 99 
102904.0  33732.26 99 
102908.0  33732.09 99 
102912.0  33732.19 99 
102916.0  33732.35 99 
102920.0  33732.29 99 
102924.0  33732.22 99 
102928.0  33732.16 99 
102932.0  33732.08 99 
102936.0  33732.02 99 
102940.0  33731.95 99 
102944.0  33731.92 99 
102948.0  33731.95 99 
102952.0  33731.87 99 
102956.0  33731.95 99 
103000.0  33731.95 99 
103004.0  33732.03 99 
103008.0  33732.09 99 
103012.0  33732.06 99 
103016.0  33731.97 99 
103020.0  33731.76 99 
103024.0  33731.54 99 
103028.0  33731.32 99 
103032.0  33731.04 99 
103036.0  33730.66 99 
103040.0  33730.29 99 
103044.0  33730.00 99 
103048.0  33729.56 99 
103052.0  33729.13 99 
103056.0  33728.90 99 
103100.0  33728.53 99 
103104.0  33728.25 99 
103108.0  33728.12 99 
103112.0  33727.77 99 
103116.0  33727.55 99 
103120.0  33727.26 99 
103124.0  33727.06 99 
103128.0  33726.93 99 
103132.0  33726.82 99 
103136.0  33726.69 99 
103140.0  33726.62 99 
103144.0  33726.71 99 
103148.0  33726.69 99 
103152.0  33726.59 99 
103156.0  33726.69 99 
103200.0  33726.88 99 
103204.0  33726.95 99 
103208.0  33727.10 99 
103212.0  33727.11 99 
103216.0  33727.38 99 
103220.0  33727.36 99 
103224.0  33727.40 99 
103228.0  33727.57 99 
103232.0  33727.63 99 
103236.0  33727.71 99 
103240.0  33727.84 99 
103244.0  33727.97 99 
103248.0  33728.04 99 
103252.0  33728.20 99 
103256.0  33728.19 99 
103300.0  33728.31 99 
103304.0  33728.41 99 
103308.0  33728.50 99 
103312.0  33728.66 99 
103316.0  33728.64 99 
103320.0  33728.84 99 
103324.0  33728.87 99 
103328.0  33728.98 99 
103332.0  33729.18 99 
103336.0  33729.29 99 
103340.0  33729.50 99 
103344.0  33729.72 99 
103348.0  33729.83 99 
103352.0  33729.93 99 
103356.0  33730.21 99 
103400.0  33730.22 99 
103404.0  33730.37 99 
103408.0  33730.55 99 
103412.0  33730.58 99 
103416.0  33730.58 99 
103420.0  33730.77 99 
103424.0  33730.84 99 
103428.0  33730.95 99 
103432.0  33730.89 99 
103436.0  33730.95 99 
103440.0  33730.97 99 
103444.0  33730.83 99 
103448.0  33730.80 99 
103452.0  33730.84 99 
103456.0  33730.79 99 
103500.0  33730.78 99 
103504.0  33730.74 99 
103508.0  33730.74 99 
103512.0  33730.56 99 
103516.0  33730.46 99 
103520.0  33730.67 99 
103524.0  33730.85 99 
103528.0  33730.82 99 
103532.0  33730.39 99 
103536.0  33730.28 99 
103540.0  33730.14 99 
103544.0  33729.97 99 
103548.0  33729.96 99 
103552.0  33729.74 99 
103556.0  33729.57 99 
103600.0  33729.58 99 
103604.0  33729.42 99 
103608.0  33729.42 99 
103612.0  33729.27 99 
103616.0  33728.93 99 
103620.0  33728.76 99 
103624.0  33728.68 99 
103628.0  33728.38 99 
103632.0  33728.30 99 
103636.0  33728.12 99 
103640.0  33728.01 99 
103644.0  33728.00 99 
103648.0  33727.97 99 
103652.0  33728.05 99 
103656.0  33728.08 99 
103700.0  33728.13 99 
103704.0  33728.21 99 
103708.0  33728.29 99 
103712.0  33728.28 99 
103716.0  33728.37 99 
103720.0  33728.36 99 
103724.0  33728.40 99 
103728.0  33728.52 99 
103732.0  33728.42 99 
103736.0  33728.40 99 
103740.0  33728.46 99 
103744.0  33728.29 99 
103748.0  33728.23 99 
103752.0  33728.22 99 
103756.0  33728.20 99 
103800.0  33728.15 99 
103804.0  33728.13 99 
103808.0  33728.08 99 
103812.0  33728.13 99 
103816.0  33728.15 99 
103820.0  33728.05 99 
103824.0  33728.06 99 
103828.0  33728.05 99 
103832.0  33728.08 99 
103836.0  33728.11 99 
103840.0  33728.17 99 
103844.0  33728.16 99 
103848.0  33728.22 99 
103852.0  33728.19 99 
103856.0  33728.34 99 
103900.0  33728.34 99 
103904.0  33728.39 99 
103908.0  33728.56 99 
103912.0  33728.62 99 
103916.0  33728.72 99 
103920.0  33728.91 99 
103924.0  33728.92 99 
103928.0  33729.03 99 
103932.0  33729.21 99 
103936.0  33729.26 99 
103940.0  33729.31 99 
103944.0  33729.57 99 
103948.0  33729.62 99 
103952.0  33729.79 99 
103956.0  33729.89 99 
104000.0  33730.14 99 
104004.0  33730.35 99 
104008.0  33730.46 99 
104012.0  33730.62 99 
104016.0  33730.83 99 
104020.0  33731.04 99 
104024.0  33731.22 99 
104028.0  33731.41 99 
104032.0  33731.52 99 
104036.0  33731.74 99 
104040.0  33731.91 99 
104044.0  33732.02 99 
104048.0  33732.15 99 
104052.0  33732.25 99 
104056.0  33732.34 99 
104100.0  33732.41 99 
104104.0  33732.47 99 
104108.0  33732.53 99 
104112.0  33732.56 99 
104116.0  33732.57 99 
104120.0  33732.62 99 
104124.0  33732.59 99 
104128.0  33732.54 99 
104132.0  33732.57 99 
104136.0  33732.55 99 
104140.0  33732.43 99 
104144.0  33732.32 99 
104148.0  33732.22 99 
104152.0  33732.18 99 
104156.0  33732.20 99 
104200.0  33732.21 99 
104204.0  33732.16 99 
104208.0  33732.28 99 
104212.0  33732.26 99 
104216.0  33732.30 99 
104220.0  33732.42 99 
104224.0  33732.47 99 
104228.0  33732.53 99 
104232.0  33732.66 99 
104236.0  33732.76 99 
104240.0  33732.88 99 
104244.0  33732.93 99 
104248.0  33733.06 99 
104252.0  33733.17 99 
104256.0  33733.22 99 
104300.0  33733.08 99 
104304.0  33733.68 99 
104308.0  33734.01 99 
104312.0  33734.12 99 
104316.0  33734.16 99 
104320.0  33734.26 99 
104324.0  33734.38 99 
104328.0  33734.46 99 
104332.0  33734.62 99 
104336.0  33734.77 99 
104340.0  33734.88 99 
104344.0  33735.02 99 
104348.0  33735.14 99 
104352.0  33735.20 99 
104356.0  33735.28 99 
104400.0  33735.37 99 
104404.0  33735.40 99 
104408.0  33735.41 99 
104412.0  33735.44 99 
104416.0  33735.51 99 
104420.0  33735.57 99 
104424.0  33735.51 99 
104428.0  33735.50 99 
104432.0  33735.40 99 
104436.0  33735.31 99 
104440.0  33735.28 99 
104444.0  33735.24 99 
104448.0  33735.17 99 
104452.0  33735.17 99 
104456.0  33735.11 99 
104500.0  33735.07 99 
104504.0  33735.07 99 
104508.0  33735.08 99 
104512.0  33735.08 99 
104516.0  33735.12 99 
104520.0  33735.04 99 
104524.0  33734.99 99 
104528.0  33734.98 99 
104532.0  33735.01 99 
104536.0  33735.10 99 
104540.0  33735.10 99 
104544.0  33735.27 99 
104548.0  33735.43 99 
104552.0  33735.63 99 
104556.0  33735.84 99 
104600.0  33736.06 99 
104604.0  33736.23 99 
104608.0  33736.41 99 
104612.0  33736.64 99 
104616.0  33736.84 99 
104620.0  33736.96 99 
104624.0  33737.19 99 
104628.0  33737.40 99 
104632.0  33737.39 99 
104636.0  33737.57 99 
104640.0  33737.62 99 
104644.0  33737.77 99 
104648.0  33737.91 99 
104652.0  33737.99 99 
104656.0  33737.91 99 
104700.0  33737.82 99 
104704.0  33738.03 99 
104708.0  33738.08 99 
104712.0  33738.12 99 
104716.0  33738.16 99 
104720.0  33738.21 99 
104724.0  33738.22 99 
104728.0  33738.11 99 
104732.0  33738.13 99 
104736.0  33738.15 99 
104740.0  33738.00 99 
104744.0  33737.87 99 
104748.0  33737.72 99 
104752.0  33737.80 99 
104756.0  33737.71 99 
104800.0  33737.56 99 
104804.0  33737.58 99 
104808.0  33737.51 99 
104812.0  33737.43 99 
104816.0  33737.46 99 
104820.0  33737.45 99 
104824.0  33737.28 99 
104828.0  33737.37 99 
104832.0  33737.43 99 
104836.0  33737.30 99 
104840.0  33737.21 99 
104844.0  33737.21 99 
104848.0  33737.06 99 
104852.0  33736.95 99 
104856.0  33736.78 99 
104900.0  33737.19 99 
104904.0  33737.26 99 
104908.0  33736.86 99 
104912.0  33736.70 99 
104916.0  33736.68 99 
104920.0  33736.48 99 
104924.0  33736.48 99 
104928.0  33736.43 99 
104932.0  33736.30 99 
104936.0  33736.36 99 
104940.0  33736.36 99 
104944.0  33736.33 99 
104948.0  33736.36 99 
104952.0  33736.31 99 
104956.0  33736.21 99 
105000.0  33736.21 99 
105004.0  33736.15 99 
105008.0  33736.07 99 
105012.0  33735.93 99 
105016.0  33735.87 99 
105020.0  33735.82 99 
105024.0  33735.78 99 
105028.0  33735.63 99 
105032.0  33735.56 99 
105036.0  33735.47 99 
105040.0  33735.34 99 
105044.0  33735.20 99 
105048.0  33735.02 99 
105052.0  33734.88 99 
105056.0  33734.68 99 
105100.0  33734.56 99 
105104.0  33734.38 99 
105108.0  33734.21 99 
105112.0  33734.12 99 
105116.0  33733.99 99 
105120.0  33733.93 99 
105124.0  33733.86 99 
105128.0  33733.75 99 
105132.0  33733.65 99 
105136.0  33733.54 99 
105140.0  33733.40 99 
105144.0  33733.23 99 
105148.0  33733.08 99 
105152.0  33732.90 99 
105156.0  33732.67 99 
105200.0  33732.48 99 
105204.0  33732.36 99 
105208.0  33732.18 99 
105212.0  33731.93 99 
105216.0  33731.76 99 
105220.0  33731.64 99 
105224.0  33731.49 99 
105228.0  33731.41 99 
105232.0  33731.37 99 
105236.0  33731.24 99 
105240.0  33731.29 99 
105244.0  33731.13 99 
105248.0  33731.05 99 
105252.0  33731.04 99 
105256.0  33731.04 99 
105300.0  33730.98 99 
105304.0  33731.04 99 
105308.0  33731.05 99 
105312.0  33731.06 99 
105316.0  33731.03 99 
105320.0  33731.08 99 
105324.0  33731.00 99 
105328.0  33731.09 99 
105332.0  33731.09 99 
105336.0  33731.15 99 
105340.0  33731.13 99 
105344.0  33731.17 99 
105348.0  33731.25 99 
105352.0  33731.22 99 
105356.0  33731.31 99 
105400.0  33731.37 99 
105404.0  33731.37 99 
105408.0  33731.47 99 
105412.0  33731.52 99 
105416.0  33731.47 99 
105420.0  33731.58 99 
105424.0  33731.65 99 
105428.0  33731.64 99 
105432.0  33731.69 99 
105436.0  33731.71 99 
105440.0  33731.80 99 
105444.0  33731.93 99 
105448.0  33732.02 99 
105452.0  33731.93 99 
105456.0  33732.07 99 
105500.0  33732.18 99 
105504.0  33732.25 99 
105508.0  33732.33 99 
105512.0  33732.37 99 
105516.0  33732.40 99 
105520.0  33732.47 99 
105524.0  33732.60 99 
105528.0  33732.69 99 
105532.0  33732.75 99 
105536.0  33732.77 99 
105540.0  33732.80 99 
105544.0  33732.84 99 
105548.0  33732.83 99 
105552.0  33732.81 99 
105556.0  33732.87 99 
105600.0  33732.86 99 
105604.0  33732.90 99 
105608.0  33732.92 99 
105612.0  33733.03 99 
105616.0  33733.12 99 
105620.0  33733.02 99 
105624.0  33733.00 99 
105628.0  33733.08 99 
105632.0  33733.11 99 
105636.0  33733.15 99 
105640.0  33733.16 99 
105644.0  33733.14 99 
105648.0  33733.14 99 
105652.0  33733.11 99 
105656.0  33733.15 99 
105700.0  33733.18 99 
105704.0  33733.24 99 
105708.0  33733.22 99 
105712.0  33733.23 99 
105716.0  33733.26 99 
105720.0  33733.30 99 
105724.0  33733.32 99 
105728.0  33733.34 99 
105732.0  33733.40 99 
105736.0  33733.45 99 
105740.0  33733.21 99 
105744.0  33733.03 99 
105748.0  33733.25 99 
105752.0  33733.32 99 
105756.0  33733.34 99 
105800.0  33733.31 99 
105804.0  33733.28 99 
105808.0  33733.34 99 
105812.0  33733.35 99 
105816.0  33733.32 99 
105820.0  33733.33 99 
105824.0  33733.28 99 
105828.0  33733.35 99 
105832.0  33733.46 99 
105836.0  33733.49 99 
105840.0  33733.49 99 
105844.0  33733.38 99 
105848.0  33733.34 99 
105852.0  33733.32 99 
105856.0  33733.30 99 
105900.0  33733.23 99 
105904.0  33733.15 99 
105908.0  33733.11 99 
105912.0  33733.03 99 
105916.0  33732.94 99 
105920.0  33732.84 99 
105924.0  33732.72 99 
105928.0  33732.61 99 
105932.0  33732.47 99 
105936.0  33732.40 99 
105940.0  33732.27 99 
105944.0  33732.09 99 
105948.0  33731.93 99 
105952.0  33731.77 99 
105956.0  33731.56 99 
110000.0  33731.31 99 
110004.0  33730.96 99 
110008.0  33730.72 99 
110012.0  33730.52 99 
110016.0  33730.23 99 
110020.0  33730.12 99 
110024.0  33729.71 99 
110028.0  33729.43 99 
110032.0  33729.17 99 
110036.0  33728.72 99 
110040.0  33728.42 99 
110044.0  33728.18 99 
110048.0  33727.86 99 
110052.0  33727.55 99 
110056.0  33727.22 99 
110100.0  33727.01 99 
110104.0  33726.89 99 
110108.0  33726.56 99 
110112.0  33726.33 99 
110116.0  33726.13 99 
110120.0  33725.83 99 
110124.0  33725.76 99 
110128.0  33725.35 99 
110132.0  33725.08 99 
110136.0  33725.07 99 
110140.0  33724.92 99 
110144.0  33724.89 99 
110148.0  33724.80 99 
110152.0  33724.68 99 
110156.0  33724.62 99 
110200.0  33724.58 99 
110204.0  33724.54 99 
110208.0  33724.56 99 
110212.0  33724.53 99 
110216.0  33724.46 99 
110220.0  33724.39 99 
110224.0  33724.28 99 
110228.0  33724.13 99 
110232.0  33723.95 99 
110236.0  33723.82 99 
110240.0  33723.80 99 
110244.0  33723.76 99 
110248.0  33723.68 99 
110252.0  33723.63 99 
110256.0  33723.65 99 
110300.0  33723.66 99 
110304.0  33723.69 99 
110308.0  33723.73 99 
110312.0  33723.75 99 
110316.0  33723.81 99 
110320.0  33723.78 99 
110324.0  33723.95 99 
110328.0  33724.02 99 
110332.0  33724.16 99 
110336.0  33724.30 99 
110340.0  33724.33 99 
110344.0  33724.36 99 
110348.0  33724.51 99 
110352.0  33724.66 99 
110356.0  33724.73 99 
110400.0  33724.88 99 
110404.0  33725.08 99 
110408.0  33725.21 99 
110412.0  33725.32 99 
110416.0  33725.44 99 
110420.0  33725.37 99 
110424.0  33725.30 99 
110428.0  33725.33 99 
110432.0  33725.28 99 
110436.0  33725.30 99 
110440.0  33725.45 99 
110444.0  33725.56 99 
110448.0  33725.74 99 
110452.0  33725.89 99 
110456.0  33726.02 99 
110500.0  33726.16 99 
110504.0  33726.23 99 
110508.0  33726.35 99 
110512.0  33726.51 99 
110516.0  33726.76 99 
110520.0  33726.96 99 
110524.0  33727.27 99 
110528.0  33727.57 99 
110532.0  33727.99 99 
110536.0  33728.30 99 
110540.0  33728.73 99 
110544.0  33729.04 99 
110548.0  33729.38 99 
110552.0  33729.64 99 
110556.0  33729.94 99 
110600.0  33730.25 99 
110604.0  33730.35 99 
110608.0  33730.59 99 
110612.0  33730.78 99 
110616.0  33730.78 99 
110620.0  33730.97 99 
110624.0  33731.11 99 
110628.0  33731.24 99 
110632.0  33731.35 99 
110636.0  33731.39 99 
110640.0  33731.50 99 
110644.0  33731.62 99 
110648.0  33731.75 99 
110652.0  33731.86 99 
110656.0  33732.07 99 
110700.0  33732.18 99 
110704.0  33732.30 99 
110708.0  33732.47 99 
110712.0  33732.68 99 
110716.0  33732.84 99 
110720.0  33733.01 99 
110724.0  33733.01 99 
110728.0  33733.08 99 
110732.0  33733.30 99 
110736.0  33733.55 99 
110740.0  33733.47 99 
110744.0  33733.72 99 
110748.0  33733.97 99 
110752.0  33734.17 99 
110756.0  33734.36 99 
110800.0  33734.56 99 
110804.0  33734.70 99 
110808.0  33734.85 99 
110812.0  33735.03 99 
110816.0  33735.23 99 
110820.0  33735.44 99 
110824.0  33735.67 99 
110828.0  33735.88 99 
110832.0  33736.07 99 
110836.0  33736.30 99 
110840.0  33736.50 99 
110844.0  33736.76 99 
110848.0  33737.01 99 
110852.0  33737.20 99 
110856.0  33737.43 99 
110900.0  33737.74 99 
110904.0  33737.98 99 
110908.0  33738.28 99 
110912.0  33738.57 99 
110916.0  33738.82 99 
110920.0  33739.14 99 
110924.0  33739.35 99 
110928.0  33739.60 99 
110932.0  33739.82 99 
110936.0  33740.05 99 
110940.0  33740.29 99 
110944.0  33740.55 99 
110948.0  33740.88 99 
110952.0  33741.12 99 
110956.0  33741.42 99 
111000.0  33741.77 99 
111004.0  33742.09 99 
111008.0  33742.48 99 
111012.0  33742.81 99 
111016.0  33742.99 99 
111020.0  33743.24 99 
111024.0  33743.36 99 
111028.0  33743.48 99 
111032.0  33743.67 99 
111036.0  33743.81 99 
111040.0  33744.01 99 
111044.0  33744.31 99 
111048.0  33744.56 99 
111052.0  33744.85 99 
111056.0  33745.15 99 
111100.0  33745.34 99 
111104.0  33745.56 99 
111108.0  33745.68 99 
111112.0  33745.78 99 
111116.0  33745.84 99 
111120.0  33745.88 99 
111124.0  33745.93 99 
111128.0  33745.94 99 
111132.0  33745.95 99 
111136.0  33745.87 99 
111140.0  33745.75 99 
111144.0  33745.58 99 
111148.0  33745.49 99 
111152.0  33745.33 99 
111156.0  33745.23 99 
111200.0  33745.10 99 
111204.0  33745.00 99 
111208.0  33744.91 99 
111212.0  33744.82 99 
111216.0  33744.71 99 
111220.0  33744.65 99 
111224.0  33744.59 99 
111228.0  33744.53 99 
111232.0  33744.44 99 
111236.0  33744.40 99 
111240.0  33744.38 99 
111244.0  33744.34 99 
111248.0  33744.36 99 
111252.0  33744.28 99 
111256.0  33744.25 99 
111300.0  33744.22 99 
111304.0  33744.19 99 
111308.0  33744.19 99 
111312.0  33744.17 99 
111316.0  33744.20 99 
111320.0  33744.27 99 
111324.0  33744.40 99 
111328.0  33744.56 99 
111332.0  33744.74 99 
111336.0  33744.92 99 
111340.0  33745.17 99 
111344.0  33745.43 99 
111348.0  33745.75 99 
111352.0  33746.07 99 
111356.0  33746.42 99 
111400.0  33746.77 99 
111404.0  33747.10 99 
111408.0  33747.43 99 
111412.0  33747.82 99 
111416.0  33748.16 99 
111420.0  33748.41 99 
111424.0  33748.66 99 
111428.0  33748.93 99 
111432.0  33749.21 99 
111436.0  33749.49 99 
111440.0  33749.67 99 
111444.0  33749.85 99 
111448.0  33750.13 99 
111452.0  33750.34 99 
111456.0  33750.46 99 
111500.0  33750.70 99 
111504.0  33750.95 99 
111508.0  33751.23 99 
111512.0  33751.56 99 
111516.0  33751.84 99 
111520.0  33752.09 99 
111524.0  33752.28 99 
111528.0  33752.42 99 
111532.0  33752.50 99 
111536.0  33752.54 99 
111540.0  33752.72 99 
111544.0  33752.80 99 
111548.0  33752.89 99 
111552.0  33752.90 99 
111556.0  33753.03 99 
111600.0  33753.26 99 
111604.0  33753.32 99 
111608.0  33753.43 99 
111612.0  33753.49 99 
111616.0  33753.50 99 
111620.0  33753.58 99 
111624.0  33753.70 99 
111628.0  33753.82 99 
111632.0  33753.98 99 
111636.0  33754.15 99 
111640.0  33754.24 99 
111644.0  33754.43 99 
111648.0  33754.53 99 
111652.0  33754.58 99 
111656.0  33754.69 99 
111700.0  33754.72 99 
111704.0  33754.58 99 
111708.0  33754.54 99 
111712.0  33754.42 99 
111716.0  33754.22 99 
111720.0  33754.09 99 
111724.0  33753.91 99 
111728.0  33753.78 99 
111732.0  33753.68 99 
111736.0  33753.55 99 
111740.0  33753.40 99 
111744.0  33753.15 99 
111748.0  33752.92 99 
111752.0  33752.62 99 
111756.0  33752.37 99 
111800.0  33752.09 99 
111804.0  33751.69 99 
111808.0  33751.32 99 
111812.0  33750.97 99 
111816.0  33750.56 99 
111820.0  33750.23 99 
111824.0  33749.84 99 
111828.0  33749.46 99 
111832.0  33749.17 99 
111836.0  33748.79 99 
111840.0  33748.47 99 
111844.0  33748.07 99 
111848.0  33747.85 99 
111852.0  33747.63 99 
111856.0  33747.45 99 
111900.0  33747.30 99 
111904.0  33747.20 99 
111908.0  33747.07 99 
111912.0  33746.97 99 
111916.0  33746.95 99 
111920.0  33746.92 99 
111924.0  33746.94 99 
111928.0  33747.04 99 
111932.0  33747.08 99 
111936.0  33747.09 99 
111940.0  33747.10 99 
111944.0  33747.16 99 
111948.0  33747.32 99 
111952.0  33747.44 99 
111956.0  33747.62 99 
112000.0  33747.73 99 
112004.0  33747.81 99 
112008.0  33747.89 99 
112012.0  33747.95 99 
112016.0  33748.02 99 
112020.0  33748.08 99 
112024.0  33748.16 99 
112028.0  33748.22 99 
112032.0  33748.31 99 
112036.0  33748.38 99 
112040.0  33748.45 99 
112044.0  33748.55 99 
112048.0  33748.56 99 
112052.0  33748.62 99 
112056.0  33748.61 99 
112100.0  33748.47 99 
112104.0  33748.51 99 
112108.0  33748.39 99 
112112.0  33748.25 99 
112116.0  33748.21 99 
112120.0  33748.04 99 
112124.0  33747.97 99 
112128.0  33747.84 99 
112132.0  33747.72 99 
112136.0  33747.60 99 
112140.0  33747.39 99 
112144.0  33747.32 99 
112148.0  33747.23 99 
112152.0  33747.11 99 
112156.0  33746.93 99 
112200.0  33746.73 99 
112204.0  33746.54 99 
112208.0  33746.38 99 
112212.0  33746.17 99 
112216.0  33746.01 99 
112220.0  33745.86 99 
112224.0  33745.69 99 
112228.0  33745.51 99 
112232.0  33745.24 99 
112236.0  33745.05 99 
112240.0  33744.92 99 
112244.0  33744.69 99 
112248.0  33744.48 99 
112252.0  33744.28 99 
112256.0  33744.05 99 
112300.0  33743.77 99 
112304.0  33743.67 99 
112308.0  33743.37 99 
112312.0  33743.02 99 
112316.0  33742.58 99 
112320.0  33742.24 99 
112324.0  33741.88 99 
112328.0  33741.56 99 
112332.0  33741.26 99 
112336.0  33740.91 99 
112340.0  33740.61 99 
112344.0  33740.35 99 
112348.0  33740.02 99 
112352.0  33739.67 99 
112356.0  33739.42 99 
112400.0  33739.08 99 
112404.0  33738.75 99 
112408.0  33738.38 99 
112412.0  33738.04 99 
112416.0  33737.77 99 
112420.0  33737.38 99 
112424.0  33737.08 99 
112428.0  33736.60 99 
112432.0  33736.30 99 
112436.0  33735.94 99 
112440.0  33735.50 99 
112444.0  33735.16 99 
112448.0  33734.77 99 
112452.0  33734.43 99 
112456.0  33734.09 99 
112500.0  33733.76 99 
112504.0  33733.54 99 
112508.0  33733.30 99 
112512.0  33733.07 99 
112516.0  33732.95 99 
112520.0  33732.65 99 
112524.0  33732.36 99 
112528.0  33732.13 99 
112532.0  33731.93 99 
112536.0  33731.78 99 
112540.0  33731.72 99 
112544.0  33731.61 99 
112548.0  33731.46 99 
112552.0  33731.37 99 
112556.0  33731.28 99 
112600.0  33731.17 99 
112604.0  33731.04 99 
112608.0  33731.01 99 
112612.0  33730.94 99 
112616.0  33730.81 99 
112620.0  33730.79 99 
112624.0  33730.71 99 
112628.0  33730.60 99 
112632.0  33730.43 99 
112636.0  33730.27 99 
112640.0  33730.08 99 
112644.0  33729.92 99 
112648.0  33729.69 99 
112652.0  33729.50 99 
112656.0  33729.38 99 
112700.0  33729.31 99 
112704.0  33729.17 99 
112708.0  33729.08 99 
112712.0  33729.04 99 
112716.0  33729.05 99 
112720.0  33728.95 99 
112724.0  33728.94 99 
112728.0  33728.94 99 
112732.0  33728.80 99 
112736.0  33728.80 99 
112740.0  33728.70 99 
112744.0  33728.58 99 
112748.0  33728.62 99 
112752.0  33728.45 99 
112756.0  33728.34 99 
112800.0  33728.34 99 
112804.0  33728.23 99 
112808.0  33728.11 99 
112812.0  33728.09 99 
112816.0  33728.00 99 
112820.0  33727.84 99 
112824.0  33727.78 99 
112828.0  33727.75 99 
112832.0  33727.67 99 
112836.0  33727.65 99 
112840.0  33727.59 99 
112844.0  33727.48 99 
112848.0  33727.45 99 
112852.0  33727.46 99 
112856.0  33727.38 99 
112900.0  33727.37 99 
112904.0  33727.36 99 
112908.0  33727.17 99 
112912.0  33727.11 99 
112916.0  33727.34 99 
112920.0  33727.20 99 
112924.0  33727.09 99 
112928.0  33726.88 99 
112932.0  33726.82 99 
112936.0  33726.74 99 
112940.0  33726.51 99 
112944.0  33726.45 99 
112948.0  33726.39 99 
112952.0  33726.20 99 
112956.0  33726.03 99 
113000.0  33725.89 99 
113004.0  33725.63 99 
113008.0  33725.50 99 
113012.0  33725.29 99 
113016.0  33725.16 99 
113020.0  33724.96 99 
113024.0  33724.77 99 
113028.0  33724.65 99 
113032.0  33724.52 99 
113036.0  33724.39 99 
113040.0  33724.35 99 
113044.0  33724.27 99 
113048.0  33724.20 99 
113052.0  33724.08 99 
113056.0  33723.95 99 
113100.0  33723.85 99 
113104.0  33723.82 99 
113108.0  33723.80 99 
113112.0  33723.81 99 
113116.0  33723.81 99 
113120.0  33723.82 99 
113124.0  33723.84 99 
113128.0  33724.00 99 
113132.0  33723.98 99 
113136.0  33724.03 99 
113140.0  33724.07 99 
113144.0  33724.11 99 
113148.0  33724.17 99 
113152.0  33724.25 99 
113156.0  33724.28 99 
113200.0  33724.42 99 
113204.0  33724.45 99 
113208.0  33724.41 99 
113212.0  33724.38 99 
113216.0  33724.37 99 
113220.0  33724.37 99 
113224.0  33724.43 99 
113228.0  33724.51 99 
113232.0  33724.63 99 
113236.0  33724.73 99 
113240.0  33724.83 99 
113244.0  33724.83 99 
113248.0  33724.80 99 
113252.0  33724.84 99 
113256.0  33724.89 99 
113300.0  33724.89 99 
113304.0  33724.83 99 
113308.0  33724.81 99 
113312.0  33724.84 99 
113316.0  33724.84 99 
113320.0  33724.81 99 
113324.0  33724.74 99 
113328.0  33724.69 99 
113332.0  33724.76 99 
113336.0  33724.79 99 
113340.0  33724.78 99 
113344.0  33724.76 99 
113348.0  33724.67 99 
113352.0  33724.65 99 
113356.0  33724.56 99 
113400.0  33724.60 99 
113404.0  33724.69 99 
113408.0  33724.67 99 
113412.0  33724.70 99 
113416.0  33724.75 99 
113420.0  33724.75 99 
113424.0  33724.76 99 
113428.0  33724.74 99 
113432.0  33724.66 99 
113436.0  33724.56 99 
113440.0  33724.40 99 
113444.0  33724.35 99 
113448.0  33724.35 99 
113452.0  33724.34 99 
113456.0  33724.37 99 
113500.0  33724.42 99 
113504.0  33724.52 99 
113508.0  33724.56 99 
113512.0  33724.64 99 
113516.0  33724.73 99 
113520.0  33724.79 99 
113524.0  33724.83 99 
113528.0  33724.92 99 
113532.0  33725.03 99 
113536.0  33725.02 99 
113540.0  33724.87 99 
113544.0  33724.96 99 
113548.0  33725.09 99 
113552.0  33725.13 99 
113556.0  33725.10 99 
113600.0  33725.13 99 
113604.0  33725.12 99 
113608.0  33725.12 99 
113612.0  33725.14 99 
113616.0  33725.23 99 
113620.0  33725.32 99 
113624.0  33725.34 99 
113628.0  33725.46 99 
113632.0  33725.56 99 
113636.0  33725.63 99 
113640.0  33725.69 99 
113644.0  33725.68 99 
113648.0  33725.65 99 
113652.0  33725.59 99 
113656.0  33725.55 99 
113700.0  33725.57 99 
113704.0  33725.51 99 
113708.0  33725.45 99 
113712.0  33725.42 99 
113716.0  33725.45 99 
113720.0  33725.45 99 
113724.0  33725.48 99 
113728.0  33725.55 99 
113732.0  33725.59 99 
113736.0  33725.51 99 
113740.0  33725.50 99 
113744.0  33725.53 99 
113748.0  33725.57 99 
113752.0  33725.64 99 
113756.0  33725.66 99 
113800.0  33725.67 99 
113804.0  33725.82 99 
113808.0  33725.90 99 
113812.0  33725.91 99 
113816.0  33726.05 99 
113820.0  33726.08 99 
113824.0  33726.28 99 
113828.0  33726.42 99 
113832.0  33726.51 99 
113836.0  33726.80 99 
113840.0  33726.93 99 
113844.0  33727.16 99 
113848.0  33727.38 99 
113852.0  33727.32 99 
113856.0  33727.28 99 
113900.0  33727.38 99 
113904.0  33727.44 99 
113908.0  33727.32 99 
113912.0  33727.29 99 
113916.0  33727.21 99 
113920.0  33727.06 99 
113924.0  33726.93 99 
113928.0  33726.72 99 
113932.0  33726.67 99 
113936.0  33726.53 99 
113940.0  33726.41 99 
113944.0  33726.26 99 
113948.0  33726.07 99 
113952.0  33725.97 99 
113956.0  33725.90 99 
114000.0  33725.87 99 
114004.0  33725.85 99 
114008.0  33725.83 99 
114012.0  33725.77 99 
114016.0  33725.89 99 
114020.0  33725.84 99 
114024.0  33725.77 99 
114028.0  33725.84 99 
114032.0  33725.95 99 
114036.0  33726.03 99 
114040.0  33726.13 99 
114044.0  33726.23 99 
114048.0  33726.41 99 
114052.0  33726.55 99 
114056.0  33726.61 99 
114100.0  33726.59 99 
114104.0  33726.62 99 
114108.0  33726.61 99 
114112.0  33726.72 99 
114116.0  33726.74 99 
114120.0  33726.67 99 
114124.0  33726.72 99 
114128.0  33726.70 99 
114132.0  33726.58 99 
114136.0  33726.58 99 
114140.0  33726.59 99 
114144.0  33726.53 99 
114148.0  33726.61 99 
114152.0  33726.53 99 
114156.0  33726.40 99 
114200.0  33726.37 99 
114204.0  33726.34 99 
114208.0  33726.08 99 
114212.0  33726.02 99 
114216.0  33725.91 99 
114220.0  33725.76 99 
114224.0  33725.65 99 
114228.0  33725.36 99 
114232.0  33725.30 99 
114236.0  33725.15 99 
114240.0  33725.07 99 
114244.0  33725.11 99 
114248.0  33725.10 99 
114252.0  33724.95 99 
114256.0  33724.96 99 
114300.0  33725.02 99 
114304.0  33725.09 99 
114308.0  33725.17 99 
114312.0  33725.32 99 
114316.0  33725.61 99 
114320.0  33725.93 99 
114324.0  33726.29 99 
114328.0  33726.67 99 
114332.0  33727.04 99 
114336.0  33727.42 99 
114340.0  33727.81 99 
114344.0  33728.19 99 
114348.0  33728.46 99 
114352.0  33728.76 99 
114356.0  33729.05 99 
114400.0  33729.22 99 
114404.0  33729.30 99 
114408.0  33729.41 99 
114412.0  33729.52 99 
114416.0  33729.43 99 
114420.0  33729.44 99 
114424.0  33729.63 99 
114428.0  33729.74 99 
114432.0  33729.76 99 
114436.0  33729.91 99 
114440.0  33729.93 99 
114444.0  33729.98 99 
114448.0  33730.03 99 
114452.0  33729.99 99 
114456.0  33730.00 99 
114500.0  33729.85 99 
114504.0  33729.75 99 
114508.0  33729.82 99 
114512.0  33729.70 99 
114516.0  33729.62 99 
114520.0  33729.72 99 
114524.0  33729.63 99 
114528.0  33729.65 99 
114532.0  33729.65 99 
114536.0  33729.59 99 
114540.0  33729.65 99 
114544.0  33729.71 99 
114548.0  33729.64 99 
114552.0  33729.58 99 
114556.0  33729.52 99 
114600.0  33729.32 99 
114604.0  33729.18 99 
114608.0  33729.08 99 
114612.0  33728.98 99 
114616.0  33729.03 99 
114620.0  33729.13 99 
114624.0  33729.19 99 
114628.0  33729.19 99 
114632.0  33729.22 99 
114636.0  33729.30 99 
114640.0  33729.40 99 
114644.0  33729.43 99 
114648.0  33729.47 99 
114652.0  33729.51 99 
114656.0  33729.64 99 
114700.0  33729.92 99 
114704.0  33730.24 99 
114708.0  33730.61 99 
114712.0  33730.91 99 
114716.0  33731.27 99 
114720.0  33731.50 99 
114724.0  33731.78 99 
114728.0  33732.01 99 
114732.0  33732.22 99 
114736.0  33732.39 99 
114740.0  33732.47 99 
114744.0  33732.41 99 
114748.0  33732.62 99 
114752.0  33732.66 99 
114756.0  33732.64 99 
114800.0  33732.61 99 
114804.0  33732.49 99 
114808.0  33732.32 99 
114812.0  33732.17 99 
114816.0  33732.01 99 
114820.0  33731.93 99 
114824.0  33731.85 99 
114828.0  33731.75 99 
114832.0  33731.63 99 
114836.0  33731.55 99 
114840.0  33731.45 99 
114844.0  33731.28 99 
114848.0  33730.96 99 
114852.0  33730.92 99 
114856.0  33731.02 99 
114900.0  33730.91 99 
114904.0  33730.82 99 
114908.0  33730.81 99 
114912.0  33730.72 99 
114916.0  33730.57 99 
114920.0  33730.65 99 
114924.0  33730.60 99 
114928.0  33730.42 99 
114932.0  33730.25 99 
114936.0  33730.10 99 
114940.0  33729.97 99 
114944.0  33729.79 99 
114948.0  33729.53 99 
114952.0  33729.41 99 
114956.0  33729.23 99 
115000.0  33729.04 99 
115004.0  33728.96 99 
115008.0  33728.87 99 
115012.0  33728.79 99 
115016.0  33728.70 99 
115020.0  33728.58 99 
115024.0  33728.54 99 
115028.0  33728.40 99 
115032.0  33728.30 99 
115036.0  33728.24 99 
115040.0  33728.17 99 
115044.0  33728.08 99 
115048.0  33727.98 99 
115052.0  33727.86 99 
115056.0  33727.66 99 
115100.0  33727.48 99 
115104.0  33727.42 99 
115108.0  33727.23 99 
115112.0  33727.00 99 
115116.0  33726.86 99 
115120.0  33726.58 99 
115124.0  33726.49 99 
115128.0  33726.28 99 
115132.0  33726.01 99 
115136.0  33725.83 99 
115140.0  33725.56 99 
115144.0  33725.18 99 
115148.0  33724.89 99 
115152.0  33724.52 99 
115156.0  33724.13 99 
115200.0  33723.71 99 
115204.0  33723.30 99 
115208.0  33722.89 99 
115212.0  33722.45 99 
115216.0  33722.01 99 
115220.0  33721.53 99 
115224.0  33721.06 99 
115228.0  33720.59 99 
115232.0  33720.10 99 
115236.0  33719.64 99 
115240.0  33719.26 99 
115244.0  33718.89 99 
115248.0  33718.44 99 
115252.0  33717.93 99 
115256.0  33717.55 99 
115300.0  33717.15 99 
115304.0  33716.81 99 
115308.0  33716.43 99 
115312.0  33716.15 99 
115316.0  33715.92 99 
115320.0  33715.71 99 
115324.0  33715.55 99 
115328.0  33715.51 99 
115332.0  33715.36 99 
115336.0  33715.23 99 
115340.0  33715.17 99 
115344.0  33715.11 99 
115348.0  33715.04 99 
115352.0  33715.25 99 
115356.0  33715.27 99 
115400.0  33715.25 99 
115404.0  33715.42 99 
115408.0  33715.45 99 
115412.0  33715.44 99 
115416.0  33715.61 99 
115420.0  33715.56 99 
115424.0  33715.57 99 
115428.0  33715.60 99 
115432.0  33715.50 99 
115436.0  33715.50 99 
115440.0  33715.43 99 
115444.0  33715.27 99 
115448.0  33715.19 99 
115452.0  33715.17 99 
115456.0  33714.97 99 
115500.0  33714.90 99 
115504.0  33714.87 99 
115508.0  33714.68 99 
115512.0  33714.60 99 
115516.0  33714.50 99 
115520.0  33714.31 99 
115524.0  33714.22 99 
115528.0  33714.14 99 
115532.0  33714.18 99 
115536.0  33714.11 99 
115540.0  33713.97 99 
115544.0  33713.98 99 
115548.0  33713.96 99 
115552.0  33714.00 99 
115556.0  33714.02 99 
115600.0  33714.05 99 
115604.0  33714.10 99 
115608.0  33714.22 99 
115612.0  33713.92 99 
115616.0  33713.40 99 
115620.0  33713.56 99 
115624.0  33713.58 99 
115628.0  33713.60 99 
115632.0  33713.45 99 
115636.0  33713.30 99 
115640.0  33713.20 99 
115644.0  33713.18 99 
115648.0  33713.08 99 
115652.0  33712.92 99 
115656.0  33712.81 99 
115700.0  33712.68 99 
115704.0  33712.57 99 
115708.0  33712.52 99 
115712.0  33712.42 99 
115716.0  33712.28 99 
115720.0  33712.12 99 
115724.0  33711.98 99 
115728.0  33711.90 99 
115732.0  33711.86 99 
115736.0  33711.81 99 
115740.0  33711.74 99 
115744.0  33711.64 99 
115748.0  33711.46 99 
115752.0  33711.22 99 
115756.0  33710.93 99 
115800.0  33710.58 99 
115804.0  33710.21 99 
115808.0  33709.89 99 
115812.0  33709.51 99 
115816.0  33709.20 99 
115820.0  33708.86 99 
115824.0  33708.47 99 
115828.0  33708.05 99 
115832.0  33707.64 99 
115836.0  33707.23 99 
115840.0  33706.90 99 
115844.0  33706.55 99 
115848.0  33706.32 99 
115852.0  33706.21 99 
115856.0  33706.18 99 
115900.0  33706.13 99 
115904.0  33706.14 99 
115908.0  33706.13 99 
115912.0  33706.13 99 
115916.0  33706.14 99 
115920.0  33706.16 99 
115924.0  33706.16 99 
115928.0  33706.12 99 
115932.0  33706.11 99 
115936.0  33706.09 99 
115940.0  33706.17 99 
115944.0  33706.06 99 
115948.0  33706.03 99 
115952.0  33705.99 99 
115956.0  33705.87 99 
120000.0  33705.79 99 
120004.0  33705.79 99 
120008.0  33705.70 99 
120012.0  33705.64 99 
120016.0  33705.66 99 
120020.0  33705.65 99 
120024.0  33705.55 99 
120028.0  33705.50 99 
120032.0  33705.49 99 
120036.0  33705.38 99 
120040.0  33705.35 99 
120044.0  33705.34 99 
120048.0  33705.30 99 
120052.0  33705.24 99 
120056.0  33704.94 99 
120100.0  33704.76 99 
120104.0  33704.62 99 
120108.0  33704.51 99 
120112.0  33704.29 99 
120116.0  33704.29 99 
120120.0  33704.22 99 
120124.0  33704.12 99 
120128.0  33704.07 99 
120132.0  33704.06 99 
120136.0  33703.94 99 
120140.0  33703.88 99 
120144.0  33703.75 99 
120148.0  33703.50 99 
120152.0  33703.57 99 
120156.0  33703.46 99 
120200.0  33703.27 99 
120204.0  33703.22 99 
120208.0  33703.05 99 
120212.0  33702.86 99 
120216.0  33702.80 99 
120220.0  33702.65 99 
120224.0  33702.54 99 
120228.0  33702.49 99 
120232.0  33702.35 99 
120236.0  33702.32 99 
120240.0  33702.31 99 
120244.0  33702.28 99 
120248.0  33702.36 99 
120252.0  33702.49 99 
120256.0  33702.51 99 
120300.0  33702.53 99 
120304.0  33702.54 99 
120308.0  33702.52 99 
120312.0  33702.56 99 
120316.0  33702.58 99 
120320.0  33702.57 99 
120324.0  33702.61 99 
120328.0  33702.63 99 
120332.0  33702.61 99 
120336.0  33702.54 99 
120340.0  33702.55 99 
120344.0  33702.62 99 
120348.0  33702.60 99 
120352.0  33702.66 99 
120356.0  33702.63 99 
120400.0  33702.64 99 
120404.0  33702.72 99 
120408.0  33702.72 99 
120412.0  33702.85 99 
120416.0  33702.91 99 
120420.0  33702.91 99 
120424.0  33703.02 99 
120428.0  33703.09 99 
120432.0  33703.21 99 
120436.0  33703.34 99 
120440.0  33703.41 99 
120444.0  33703.45 99 
120448.0  33703.55 99 
120452.0  33703.61 99 
120456.0  33703.59 99 
120500.0  33703.66 99 
120504.0  33703.69 99 
120508.0  33703.68 99 
120512.0  33703.67 99 
120516.0  33703.76 99 
120520.0  33703.64 99 
120524.0  33703.58 99 
120528.0  33703.54 99 
120532.0  33703.46 99 
120536.0  33703.26 99 
120540.0  33702.95 99 
120544.0  33702.65 99 
120548.0  33702.31 99 
120552.0  33701.92 99 
120556.0  33701.67 99 
120600.0  33701.34 99 
120604.0  33701.00 99 
120608.0  33700.74 99 
120612.0  33700.45 99 
120616.0  33700.23 99 
120620.0  33699.98 99 
120624.0  33699.84 99 
120628.0  33699.77 99 
120632.0  33699.71 99 
120636.0  33699.63 99 
120640.0  33699.62 99 
120644.0  33699.60 99 
120648.0  33699.60 99 
120652.0  33699.64 99 
120656.0  33699.64 99 
120700.0  33699.65 99 
120704.0  33699.63 99 
120708.0  33699.58 99 
120712.0  33699.53 99 
120716.0  33699.50 99 
120720.0  33699.55 99 
120724.0  33699.63 99 
120728.0  33699.58 99 
120732.0  33699.66 99 
120736.0  33699.73 99 
120740.0  33699.76 99 
120744.0  33699.84 99 
120748.0  33699.92 99 
120752.0  33700.05 99 
120756.0  33700.17 99 
120800.0  33700.32 99 
120804.0  33700.52 99 
120808.0  33700.65 99 
120812.0  33700.72 99 
120816.0  33700.84 99 
120820.0  33700.88 99 
120824.0  33700.95 99 
120828.0  33700.94 99 
120832.0  33700.91 99 
120836.0  33700.83 99 
120840.0  33700.76 99 
120844.0  33700.87 99 
120848.0  33700.85 99 
120852.0  33700.82 99 
120856.0  33700.82 99 
120900.0  33700.89 99 
120904.0  33700.86 99 
120908.0  33700.79 99 
120912.0  33700.83 99 
120916.0  33700.89 99 
120920.0  33700.90 99 
120924.0  33700.95 99 
120928.0  33700.94 99 
120932.0  33700.93 99 
120936.0  33700.88 99 
120940.0  33700.76 99 
120944.0  33700.70 99 
120948.0  33700.58 99 
120952.0  33700.51 99 
120956.0  33700.42 99 
121000.0  33700.51 99 
121004.0  33700.61 99 
121008.0  33700.71 99 
121012.0  33700.79 99 
121016.0  33700.94 99 
121020.0  33701.12 99 
121024.0  33701.33 99 
121028.0  33701.46 99 
121032.0  33701.61 99 
121036.0  33701.70 99 
121040.0  33701.74 99 
121044.0  33701.82 99 
121048.0  33701.86 99 
121052.0  33701.95 99 
121056.0  33702.07 99 
121100.0  33702.17 99 
121104.0  33702.29 99 
121108.0  33702.43 99 
121112.0  33702.50 99 
121116.0  33702.53 99 
121120.0  33702.59 99 
121124.0  33702.68 99 
121128.0  33702.71 99 
121132.0  33702.77 99 
121136.0  33702.87 99 
121140.0  33702.91 99 
121144.0  33702.99 99 
121148.0  33703.01 99 
121152.0  33703.15 99 
121156.0  33703.24 99 
121200.0  33703.16 99 
121204.0  33703.15 99 
121208.0  33703.14 99 
121212.0  33703.21 99 
121216.0  33703.30 99 
121220.0  33703.34 99 
121224.0  33703.35 99 
121228.0  33703.35 99 
121232.0  33703.24 99 
121236.0  33703.06 99 
121240.0  33702.92 99 
121244.0  33702.90 99 
121248.0  33702.96 99 
121252.0  33702.93 99 
121256.0  33702.89 99 
121300.0  33702.84 99 
121304.0  33702.87 99 
121308.0  33702.84 99 
121312.0  33702.84 99 
121316.0  33702.98 99 
121320.0  33703.08 99 
121324.0  33703.02 99 
121328.0  33703.20 99 
121332.0  33703.36 99 
121336.0  33703.42 99 
121340.0  33703.57 99 
121344.0  33703.71 99 
121348.0  33703.85 99 
121352.0  33703.97 99 
121356.0  33703.96 99 
121400.0  33703.93 99 
121404.0  33703.96 99 
121408.0  33703.97 99 
121412.0  33703.80 99 
121416.0  33703.90 99 
121420.0  33703.91 99 
121424.0  33703.90 99 
121428.0  33703.93 99 
121432.0  33704.00 99 
121436.0  33703.95 99 
121440.0  33703.84 99 
121444.0  33703.85 99 
121448.0  33703.86 99 
121452.0  33703.81 99 
121456.0  33703.80 99 
121500.0  33703.86 99 
121504.0  33703.75 99 
121508.0  33703.77 99 
121512.0  33703.91 99 
121516.0  33703.89 99 
121520.0  33703.83 99 
121524.0  33703.87 99 
121528.0  33703.82 99 
121532.0  33703.67 99 
121536.0  33703.66 99 
121540.0  33703.57 99 
121544.0  33703.50 99 
121548.0  33703.61 99 
121552.0  33703.71 99 
121556.0  33703.79 99 
121600.0  33703.90 99 
121604.0  33704.01 99 
121608.0  33704.00 99 
121612.0  33704.09 99 
121616.0  33704.12 99 
121620.0  33704.16 99 
121624.0  33704.15 99 
121628.0  33704.19 99 
121632.0  33704.12 99 
121636.0  33704.21 99 
121640.0  33704.19 99 
121644.0  33704.16 99 
121648.0  33704.20 99 
121652.0  33704.21 99 
121656.0  33704.03 99 
121700.0  33704.01 99 
121704.0  33704.00 99 
121708.0  33703.83 99 
121712.0  33703.72 99 
121716.0  33703.59 99 
121720.0  33703.40 99 
121724.0  33703.38 99 
121728.0  33703.25 99 
121732.0  33703.27 99 
121736.0  33703.21 99 
121740.0  33703.18 99 
121744.0  33703.17 99 
121748.0  33703.08 99 
121752.0  33702.97 99 
121756.0  33702.90 99 
121800.0  33702.88 99 
121804.0  33702.83 99 
121808.0  33702.87 99 
121812.0  33702.97 99 
121816.0  33703.15 99 
121820.0  33702.97 99 
121824.0  33702.51 99 
121828.0  33702.82 99 
121832.0  33703.04 99 
121836.0  33703.04 99 
121840.0  33703.00 99 
121844.0  33702.91 99 
121848.0  33702.65 99 
121852.0  33702.47 99 
121856.0  33702.20 99 
121900.0  33701.94 99 
121904.0  33701.82 99 
121908.0  33701.56 99 
121912.0  33701.26 99 
121916.0  33701.02 99 
121920.0  33700.70 99 
121924.0  33700.40 99 
121928.0  33700.13 99 
121932.0  33699.91 99 
121936.0  33699.68 99 
121940.0  33699.38 99 
121944.0  33699.06 99 
121948.0  33698.73 99 
121952.0  33698.42 99 
121956.0  33698.19 99 
122000.0  33697.98 99 
122004.0  33697.72 99 
122008.0  33697.47 99 
122012.0  33697.29 99 
122016.0  33697.05 99 
122020.0  33696.87 99 
122024.0  33696.72 99 
122028.0  33696.55 99 
122032.0  33696.33 99 
122036.0  33696.14 99 
122040.0  33696.01 99 
122044.0  33695.86 99 
122048.0  33695.69 99 
122052.0  33695.39 99 
122056.0  33695.24 99 
122100.0  33695.05 99 
122104.0  33694.89 99 
122108.0  33694.85 99 
122112.0  33694.75 99 
122116.0  33694.65 99 
122120.0  33694.64 99 
122124.0  33694.58 99 
122128.0  33694.64 99 
122132.0  33694.58 99 
122136.0  33694.53 99 
122140.0  33694.59 99 
122144.0  33694.51 99 
122148.0  33694.48 99 
122152.0  33694.58 99 
122156.0  33694.66 99 
122200.0  33694.72 99 
122204.0  33694.83 99 
122208.0  33694.93 99 
122212.0  33694.93 99 
122216.0  33694.96 99 
122220.0  33694.87 99 
122224.0  33694.78 99 
122228.0  33694.79 99 
122232.0  33694.56 99 
122236.0  33694.43 99 
122240.0  33694.38 99 
122244.0  33694.25 99 
122248.0  33694.13 99 
122252.0  33694.03 99 
122256.0  33693.89 99 
122300.0  33693.84 99 
122304.0  33693.67 99 
122308.0  33693.50 99 
122312.0  33693.41 99 
122316.0  33693.28 99 
122320.0  33693.18 99 
122324.0  33693.08 99 
122328.0  33692.95 99 
122332.0  33692.88 99 
122336.0  33692.80 99 
122340.0  33692.84 99 
122344.0  33692.92 99 
122348.0  33692.92 99 
122352.0  33692.92 99 
122356.0  33692.75 99 
122400.0  33692.56 99 
122404.0  33692.46 99 
122408.0  33692.19 99 
122412.0  33691.97 99 
122416.0  33691.79 99 
122420.0  33691.43 99 
122424.0  33691.29 99 
122428.0  33690.87 99 
122432.0  33690.54 99 
122436.0  33690.18 99 
122440.0  33689.84 99 
122444.0  33689.45 99 
122448.0  33689.00 99 
122452.0  33688.58 99 
122456.0  33688.32 99 
122500.0  33687.96 99 
122504.0  33687.63 99 
122508.0  33687.36 99 
122512.0  33687.12 99 
122516.0  33686.91 99 
122520.0  33686.71 99 
122524.0  33686.55 99 
122528.0  33686.42 99 
122532.0  33686.34 99 
122536.0  33686.22 99 
122540.0  33686.15 99 
122544.0  33686.01 99 
122548.0  33685.90 99 
122552.0  33685.81 99 
122556.0  33685.72 99 
122600.0  33685.69 99 
122604.0  33685.65 99 
122608.0  33685.65 99 
122612.0  33685.64 99 
122616.0  33685.69 99 
122620.0  33685.69 99 
122624.0  33685.73 99 
122628.0  33685.78 99 
122632.0  33685.84 99 
122636.0  33685.86 99 
122640.0  33685.92 99 
122644.0  33685.99 99 
122648.0  33686.02 99 
122652.0  33685.99 99 
122656.0  33685.98 99 
122700.0  33685.96 99 
122704.0  33685.93 99 
122708.0  33685.97 99 
122712.0  33685.94 99 
122716.0  33685.91 99 
122720.0  33685.82 99 
122724.0  33685.70 99 
122728.0  33685.62 99 
122732.0  33685.55 99 
122736.0  33685.53 99 
122740.0  33685.48 99 
122744.0  33685.42 99 
122748.0  33685.44 99 
122752.0  33685.41 99 
122756.0  33685.48 99 
122800.0  33685.50 99 
122804.0  33685.51 99 
122808.0  33685.55 99 
122812.0  33685.55 99 
122816.0  33685.58 99 
122820.0  33685.67 99 
122824.0  33685.76 99 
122828.0  33685.79 99 
122832.0  33685.84 99 
122836.0  33685.94 99 
122840.0  33685.98 99 
122844.0  33686.01 99 
122848.0  33686.14 99 
122852.0  33686.36 99 
122856.0  33686.57 99 
122900.0  33686.76 99 
122904.0  33686.82 99 
122908.0  33686.91 99 
122912.0  33686.87 99 
122916.0  33686.84 99 
122920.0  33686.86 99 
122924.0  33686.96 99 
122928.0  33687.07 99 
122932.0  33687.16 99 
122936.0  33687.20 99 
122940.0  33687.29 99 
122944.0  33687.38 99 
122948.0  33687.48 99 
122952.0  33687.56 99 
122956.0  33687.63 99 
123000.0  33687.69 99 
123004.0  33687.84 99 
123008.0  33687.74 99 
123012.0  33687.69 99 
123016.0  33687.62 99 
123020.0  33687.56 99 
123024.0  33687.61 99 
123028.0  33687.66 99 
123032.0  33687.68 99 
123036.0  33687.70 99 
123040.0  33687.66 99 
123044.0  33687.73 99 
123048.0  33687.79 99 
123052.0  33687.83 99 
123056.0  33687.79 99 
123100.0  33687.76 99 
123104.0  33687.71 99 
123108.0  33687.58 99 
123112.0  33687.50 99 
123116.0  33687.51 99 
123120.0  33687.40 99 
123124.0  33687.25 99 
123128.0  33687.11 99 
123132.0  33686.98 99 
123136.0  33686.85 99 
123140.0  33686.75 99 
123144.0  33686.63 99 
123148.0  33686.56 99 
123152.0  33686.46 99 
123156.0  33686.40 99 
123200.0  33686.35 99 
123204.0  33686.31 99 
123208.0  33686.28 99 
123212.0  33686.27 99 
123216.0  33686.31 99 
123220.0  33686.34 99 
123224.0  33686.27 99 
123228.0  33686.30 99 
123232.0  33686.21 99 
123236.0  33686.13 99 
123240.0  33686.03 99 
123244.0  33685.90 99 
123248.0  33685.80 99 
123252.0  33685.61 99 
123256.0  33685.44 99 
123300.0  33685.28 99 
123304.0  33685.07 99 
123308.0  33684.88 99 
123312.0  33684.69 99 
123316.0  33684.47 99 
123320.0  33684.24 99 
123324.0  33684.05 99 
123328.0  33683.77 99 
123332.0  33683.53 99 
123336.0  33683.26 99 
123340.0  33682.98 99 
123344.0  33682.68 99 
123348.0  33682.46 99 
123352.0  33682.12 99 
123356.0  33681.82 99 
123400.0  33681.55 99 
123404.0  33681.32 99 
123408.0  33681.23 99 
123412.0  33681.09 99 
123416.0  33680.90 99 
123420.0  33680.64 99 
123424.0  33680.46 99 
123428.0  33680.35 99 
123432.0  33680.19 99 
123436.0  33680.02 99 
123440.0  33679.94 99 
123444.0  33679.87 99 
123448.0  33679.83 99 
123452.0  33679.74 99 
123456.0  33679.56 99 
123500.0  33679.52 99 
123504.0  33679.41 99 
123508.0  33679.34 99 
123512.0  33679.22 99 
123516.0  33679.16 99 
123520.0  33679.06 99 
123524.0  33678.95 99 
123528.0  33678.74 99 
123532.0  33678.69 99 
123536.0  33678.57 99 
123540.0  33678.53 99 
123544.0  33678.35 99 
123548.0  33678.21 99 
123552.0  33678.01 99 
123556.0  33677.88 99 
123600.0  33677.72 99 
123604.0  33677.57 99 
123608.0  33677.51 99 
123612.0  33677.45 99 
123616.0  33677.41 99 
123620.0  33677.31 99 
123624.0  33677.27 99 
123628.0  33677.24 99 
123632.0  33677.23 99 
123636.0  33677.16 99 
123640.0  33677.11 99 
123644.0  33677.02 99 
123648.0  33676.92 99 
123652.0  33676.84 99 
123656.0  33676.81 99 
123700.0  33676.77 99 
123704.0  33676.68 99 
123708.0  33676.62 99 
123712.0  33676.52 99 
123716.0  33676.40 99 
123720.0  33676.30 99 
123724.0  33676.26 99 
123728.0  33676.19 99 
123732.0  33676.02 99 
123736.0  33675.89 99 
123740.0  33675.87 99 
123744.0  33675.81 99 
123748.0  33675.67 99 
123752.0  33675.54 99 
123756.0  33675.42 99 
123800.0  33675.28 99 
123804.0  33675.13 99 
123808.0  33675.00 99 
123812.0  33674.92 99 
123816.0  33674.86 99 
123820.0  33674.88 99 
123824.0  33674.92 99 
123828.0  33674.90 99 
123832.0  33674.85 99 
123836.0  33674.83 99 
123840.0  33674.80 99 
123844.0  33674.65 99 
123848.0  33674.47 99 
123852.0  33674.41 99 
123856.0  33674.39 99 
123900.0  33674.28 99 
123904.0  33674.06 99 
123908.0  33673.99 99 
123912.0  33673.84 99 
123916.0  33673.71 99 
123920.0  33673.54 99 
123924.0  33673.39 99 
123928.0  33673.28 99 
123932.0  33673.18 99 
123936.0  33673.03 99 
123940.0  33672.89 99 
123944.0  33672.77 99 
123948.0  33672.64 99 
123952.0  33672.55 99 
123956.0  33672.50 99 
124000.0  33672.42 99 
124004.0  33672.28 99 
124008.0  33672.35 99 
124012.0  33672.34 99 
124016.0  33672.34 99 
124020.0  33672.35 99 
124024.0  33672.33 99 
124028.0  33672.33 99 
124032.0  33672.26 99 
124036.0  33672.17 99 
124040.0  33672.11 99 
124044.0  33672.02 99 
124048.0  33671.95 99 
124052.0  33671.80 99 
124056.0  33671.65 99 
124100.0  33671.52 99 
124104.0  33671.42 99 
124108.0  33671.32 99 
124112.0  33671.23 99 
124116.0  33671.05 99 
124120.0  33670.95 99 
124124.0  33670.81 99 
124128.0  33670.76 99 
124132.0  33670.58 99 
124136.0  33670.42 99 
124140.0  33670.41 99 
124144.0  33670.27 99 
124148.0  33670.13 99 
124152.0  33669.96 99 
124156.0  33669.92 99 
124200.0  33669.76 99 
124204.0  33669.65 99 
124208.0  33669.64 99 
124212.0  33669.56 99 
124216.0  33669.45 99 
124220.0  33669.38 99 
124224.0  33669.18 99 
124228.0  33669.05 99 
124232.0  33668.95 99 
124236.0  33668.86 99 
124240.0  33668.70 99 
124244.0  33668.57 99 
124248.0  33668.37 99 
124252.0  33668.36 99 
124256.0  33668.27 99 
124300.0  33668.24 99 
124304.0  33668.31 99 
124308.0  33668.25 99 
124312.0  33668.10 99 
124316.0  33668.14 99 
124320.0  33667.98 99 
124324.0  33667.84 99 
124328.0  33667.76 99 
124332.0  33667.71 99 
124336.0  33667.69 99 
124340.0  33667.71 99 
124344.0  33667.67 99 
124348.0  33667.60 99 
124352.0  33667.51 99 
124356.0  33667.32 99 
124400.0  33667.18 99 
124404.0  33667.00 99 
124408.0  33666.82 99 
124412.0  33666.66 99 
124416.0  33666.53 99 
124420.0  33666.35 99 
124424.0  33666.14 99 
124428.0  33665.92 99 
124432.0  33665.69 99 
124436.0  33665.51 99 
124440.0  33665.29 99 
124444.0  33665.12 99 
124448.0  33664.91 99 
124452.0  33664.71 99 
124456.0  33664.46 99 
124500.0  33664.46 99 
124504.0  33664.37 99 
124508.0  33664.27 99 
124512.0  33664.15 99 
124516.0  33664.05 99 
124520.0  33663.90 99 
124524.0  33663.77 99 
124528.0  33663.65 99 
124532.0  33663.53 99 
124536.0  33663.38 99 
124540.0  33663.26 99 
124544.0  33663.19 99 
124548.0  33663.10 99 
124552.0  33663.08 99 
124556.0  33663.06 99 
124600.0  33663.13 99 
124604.0  33663.22 99 
124608.0  33663.32 99 
124612.0  33663.32 99 
124616.0  33663.35 99 
124620.0  33663.35 99 
124624.0  33663.42 99 
124628.0  33663.52 99 
124632.0  33663.63 99 
124636.0  33663.68 99 
124640.0  33663.67 99 
124644.0  33663.70 99 
124648.0  33663.71 99 
124652.0  33663.72 99 
124656.0  33663.72 99 
124700.0  33663.70 99 
124704.0  33663.70 99 
124708.0  33663.64 99 
124712.0  33663.60 99 
124716.0  33663.56 99 
124720.0  33663.49 99 
124724.0  33663.43 99 
124728.0  33663.38 99 
124732.0  33663.32 99 
124736.0  33663.26 99 
124740.0  33663.09 99 
124744.0  33663.01 99 
124748.0  33663.03 99 
124752.0  33662.85 99 
124756.0  33662.73 99 
124800.0  33662.66 99 
124804.0  33662.50 99 
124808.0  33662.38 99 
124812.0  33662.19 99 
124816.0  33662.01 99 
124820.0  33661.90 99 
124824.0  33661.73 99 
124828.0  33661.57 99 
124832.0  33661.42 99 
124836.0  33661.21 99 
124840.0  33661.06 99 
124844.0  33660.91 99 
124848.0  33660.77 99 
124852.0  33660.62 99 
124856.0  33660.62 99 
124900.0  33660.45 99 
124904.0  33660.25 99 
124908.0  33660.26 99 
124912.0  33660.12 99 
124916.0  33660.00 99 
124920.0  33659.91 99 
124924.0  33659.74 99 
124928.0  33659.56 99 
124932.0  33659.43 99 
124936.0  33659.25 99 
124940.0  33659.16 99 
124944.0  33659.08 99 
124948.0  33658.99 99 
124952.0  33658.76 99 
124956.0  33658.58 99 
125000.0  33658.41 99 
125004.0  33658.37 99 
125008.0  33658.30 99 
125012.0  33658.32 99 
125016.0  33658.43 99 
125020.0  33658.37 99 
125024.0  33658.42 99 
125028.0  33658.46 99 
125032.0  33658.39 99 
125036.0  33658.51 99 
125040.0  33658.47 99 
125044.0  33658.40 99 
125048.0  33658.36 99 
125052.0  33658.33 99 
125056.0  33658.15 99 
125100.0  33658.16 99 
125104.0  33658.07 99 
125108.0  33657.96 99 
125112.0  33657.95 99 
125116.0  33657.92 99 
125120.0  33657.78 99 
125124.0  33657.75 99 
125128.0  33657.70 99 
125132.0  33657.54 99 
125136.0  33657.51 99 
125140.0  33657.36 99 
125144.0  33657.19 99 
125148.0  33657.00 99 
125152.0  33656.73 99 
125156.0  33656.49 99 
125200.0  33656.42 99 
125204.0  33656.24 99 
125208.0  33656.03 99 
125212.0  33655.97 99 
125216.0  33655.85 99 
125220.0  33655.69 99 
125224.0  33655.66 99 
125228.0  33655.51 99 
125232.0  33655.37 99 
125236.0  33655.24 99 
125240.0  33655.21 99 
125244.0  33655.16 99 
125248.0  33655.11 99 
125252.0  33655.03 99 
125256.0  33655.02 99 
125300.0  33654.94 99 
125304.0  33654.94 99 
125308.0  33654.94 99 
125312.0  33654.85 99 
125316.0  33654.80 99 
125320.0  33654.75 99 
125324.0  33654.77 99 
125328.0  33654.74 99 
125332.0  33654.78 99 
125336.0  33654.81 99 
125340.0  33654.84 99 
125344.0  33654.87 99 
125348.0  33654.97 99 
125352.0  33654.93 99 
125356.0  33654.92 99 
125400.0  33654.91 99 
125404.0  33654.90 99 
125408.0  33654.85 99 
125412.0  33654.82 99 
125416.0  33654.82 99 
125420.0  33654.88 99 
125424.0  33654.78 99 
125428.0  33654.74 99 
125432.0  33654.69 99 
125436.0  33654.64 99 
125440.0  33654.56 99 
125444.0  33654.46 99 
125448.0  33654.38 99 
125452.0  33654.31 99 
125456.0  33654.24 99 
125500.0  33654.14 99 
125504.0  33654.08 99 
125508.0  33653.99 99 
125512.0  33653.93 99 
125516.0  33653.84 99 
125520.0  33653.78 99 
125524.0  33653.74 99 
125528.0  33653.65 99 
125532.0  33653.58 99 
125536.0  33653.51 99 
125540.0  33653.46 99 
125544.0  33653.39 99 
125548.0  33653.37 99 
125552.0  33653.34 99 
125556.0  33653.27 99 
125600.0  33653.20 99 
125604.0  33653.12 99 
125608.0  33653.02 99 
125612.0  33652.91 99 
125616.0  33652.85 99 
125620.0  33652.79 99 
125624.0  33652.72 99 
125628.0  33652.63 99 
125632.0  33652.58 99 
125636.0  33652.51 99 
125640.0  33652.45 99 
125644.0  33652.36 99 
125648.0  33652.40 99 
125652.0  33652.29 99 
125656.0  33652.28 99 
125700.0  33652.28 99 
125704.0  33652.25 99 
125708.0  33652.24 99 
125712.0  33652.24 99 
125716.0  33652.20 99 
125720.0  33652.18 99 
125724.0  33652.22 99 
125728.0  33652.21 99 
125732.0  33652.21 99 
125736.0  33652.19 99 
125740.0  33652.23 99 
125744.0  33652.30 99 
125748.0  33652.36 99 
125752.0  33652.31 99 
125756.0  33652.25 99 
125800.0  33652.33 99 
125804.0  33652.33 99 
125808.0  33652.39 99 
125812.0  33652.39 99 
125816.0  33652.43 99 
125820.0  33652.52 99 
125824.0  33652.61 99 
125828.0  33652.74 99 
125832.0  33652.81 99 
125836.0  33652.92 99 
125840.0  33653.00 99 
125844.0  33653.04 99 
125848.0  33653.16 99 
125852.0  33653.31 99 
125856.0  33653.47 99 
125900.0  33653.62 99 
125904.0  33653.82 99 
125908.0  33653.96 99 
125912.0  33654.15 99 
125916.0  33654.32 99 
125920.0  33654.47 99 
125924.0  33654.67 99 
125928.0  33654.86 99 
125932.0  33654.99 99 
125936.0  33655.12 99 
125940.0  33655.29 99 
125944.0  33655.43 99 
125948.0  33655.64 99 
125952.0  33655.85 99 
125956.0  33655.92 99 
130000.0  33656.04 99 
130004.0  33656.26 99 
130008.0  33656.42 99 
130012.0  33656.54 99 
130016.0  33656.74 99 
130020.0  33656.93 99 
130024.0  33657.09 99 
130028.0  33657.25 99 
130032.0  33657.47 99 
130036.0  33657.60 99 
130040.0  33657.67 99 
130044.0  33657.89 99 
130048.0  33658.07 99 
130052.0  33658.20 99 
130056.0  33658.38 99 
130100.0  33658.57 99 
130104.0  33658.67 99 
130108.0  33658.88 99 
130112.0  33659.06 99 
130116.0  33659.12 99 
130120.0  33659.17 99 
130124.0  33659.26 99 
130128.0  33659.33 99 
130132.0  33659.33 99 
130136.0  33659.38 99 
130140.0  33659.38 99 
130144.0  33659.30 99 
130148.0  33659.28 99 
130152.0  33659.22 99 
130156.0  33659.13 99 
130200.0  33658.98 99 
130204.0  33658.82 99 
130208.0  33658.77 99 
130212.0  33658.70 99 
130216.0  33658.67 99 
130220.0  33658.64 99 
130224.0  33658.55 99 
130228.0  33658.52 99 
130232.0  33658.43 99 
130236.0  33658.37 99 
130240.0  33658.42 99 
130244.0  33658.46 99 
130248.0  33658.39 99 
130252.0  33658.52 99 
130256.0  33658.52 99 
130300.0  33658.55 99 
130304.0  33658.68 99 
130308.0  33658.66 99 
130312.0  33658.70 99 
130316.0  33658.80 99 
130320.0  33658.70 99 
130324.0  33658.52 99 
130328.0  33658.57 99 
130332.0  33658.64 99 
130336.0  33658.63 99 
130340.0  33658.59 99 
130344.0  33658.68 99 
130348.0  33658.72 99 
130352.0  33658.69 99 
130356.0  33658.63 99 
130400.0  33658.60 99 
130404.0  33658.63 99 
130408.0  33658.60 99 
130412.0  33658.58 99 
130416.0  33658.44 99 
130420.0  33658.45 99 
130424.0  33658.48 99 
130428.0  33658.38 99 
130432.0  33658.29 99 
130436.0  33658.25 99 
130440.0  33658.15 99 
130444.0  33658.01 99 
130448.0  33657.81 99 
130452.0  33657.80 99 
130456.0  33657.70 99 
130500.0  33657.59 99 
130504.0  33657.67 99 
130508.0  33657.73 99 
130512.0  33657.60 99 
130516.0  33657.63 99 
130520.0  33657.62 99 
130524.0  33657.69 99 
130528.0  33657.73 99 
130532.0  33657.65 99 
130536.0  33657.62 99 
130540.0  33657.59 99 
130544.0  33657.61 99 
130548.0  33657.64 99 
130552.0  33657.63 99 
130556.0  33657.57 99 
130600.0  33657.65 99 
130604.0  33657.70 99 
130608.0  33657.32 99 
130612.0  33657.32 99 
130616.0  33657.43 99 
130620.0  33657.38 99 
130624.0  33657.34 99 
130628.0  33657.31 99 
130632.0  33657.23 99 
130636.0  33657.21 99 
130640.0  33657.20 99 
130644.0  33657.17 99 
130648.0  33657.19 99 
130652.0  33657.28 99 
130656.0  33657.27 99 
130700.0  33657.35 99 
130704.0  33657.34 99 
130708.0  33657.25 99 
130712.0  33657.31 99 
130716.0  33657.63 99 
130720.0  33657.50 99 
130724.0  33657.33 99 
130728.0  33657.22 99 
130732.0  33657.15 99 
130736.0  33657.11 99 
130740.0  33657.08 99 
130744.0  33657.02 99 
130748.0  33657.00 99 
130752.0  33656.98 99 
130756.0  33656.84 99 
130800.0  33656.83 99 
130804.0  33656.75 99 
130808.0  33656.53 99 
130812.0  33656.48 99 
130816.0  33656.44 99 
130820.0  33656.38 99 
130824.0  33656.25 99 
130828.0  33656.29 99 
130832.0  33656.36 99 
130836.0  33656.30 99 
130840.0  33656.28 99 
130844.0  33656.24 99 
130848.0  33656.27 99 
130852.0  33656.20 99 
130856.0  33656.14 99 
130900.0  33656.09 99 
130904.0  33656.11 99 
130908.0  33656.03 99 
130912.0  33656.09 99 
130916.0  33656.01 99 
130920.0  33655.91 99 
130924.0  33655.94 99 
130928.0  33655.86 99 
130932.0  33655.83 99 
130936.0  33655.93 99 
130940.0  33655.89 99 
130944.0  33655.85 99 
130948.0  33655.86 99 
130952.0  33655.82 99 
130956.0  33655.75 99 
131000.0  33655.76 99 
131004.0  33655.73 99 
131008.0  33655.72 99 
131012.0  33655.71 99 
131016.0  33655.65 99 
131020.0  33655.64 99 
131024.0  33655.61 99 
131028.0  33655.60 99 
131032.0  33655.65 99 
131036.0  33655.62 99 
131040.0  33655.59 99 
131044.0  33655.66 99 
131048.0  33655.64 99 
131052.0  33655.58 99 
131056.0  33655.47 99 
131100.0  33655.32 99 
131104.0  33655.16 99 
131108.0  33654.92 99 
131112.0  33654.78 99 
131116.0  33654.66 99 
131120.0  33654.57 99 
131124.0  33654.47 99 
131128.0  33654.38 99 
131132.0  33654.34 99 
131136.0  33654.26 99 
131140.0  33654.18 99 
131144.0  33654.12 99 
131148.0  33654.06 99 
131152.0  33653.93 99 
131156.0  33653.80 99 
131200.0  33653.65 99 
131204.0  33653.48 99 
131208.0  33653.40 99 
131212.0  33653.27 99 
131216.0  33653.13 99 
131220.0  33653.03 99 
131224.0  33652.93 99 
131228.0  33652.87 99 
131232.0  33652.85 99 
131236.0  33652.78 99 
131240.0  33652.71 99 
131244.0  33652.66 99 
131248.0  33652.62 99 
131252.0  33652.54 99 
131256.0  33652.41 99 
131300.0  33652.38 99 
131304.0  33652.28 99 
131308.0  33652.21 99 
131312.0  33652.11 99 
131316.0  33652.00 99 
131320.0  33651.88 99 
131324.0  33651.77 99 
131328.0  33651.79 99 
131332.0  33651.63 99 
131336.0  33651.54 99 
131340.0  33651.45 99 
131344.0  33651.32 99 
131348.0  33651.18 99 
131352.0  33650.99 99 
131356.0  33650.83 99 
131400.0  33650.68 99 
131404.0  33650.56 99 
131408.0  33650.44 99 
131412.0  33650.34 99 
131416.0  33650.25 99 
131420.0  33650.30 99 
131424.0  33650.28 99 
131428.0  33650.22 99 
131432.0  33650.23 99 
131436.0  33650.16 99 
131440.0  33650.16 99 
131444.0  33650.12 99 
131448.0  33650.10 99 
131452.0  33650.06 99 
131456.0  33650.05 99 
131500.0  33650.01 99 
131504.0  33649.98 99 
131508.0  33650.05 99 
131512.0  33650.10 99 
131516.0  33649.98 99 
131520.0  33649.95 99 
131524.0  33649.93 99 
131528.0  33649.82 99 
131532.0  33649.79 99 
131536.0  33649.73 99 
131540.0  33649.62 99 
131544.0  33649.56 99 
131548.0  33649.46 99 
131552.0  33649.30 99 
131556.0  33649.19 99 
131600.0  33648.97 99 
131604.0  33648.80 99 
131608.0  33648.63 99 
131612.0  33648.49 99 
131616.0  33648.28 99 
131620.0  33648.14 99 
131624.0  33647.99 99 
131628.0  33647.70 99 
131632.0  33647.52 99 
131636.0  33647.34 99 
131640.0  33647.16 99 
131644.0  33647.04 99 
131648.0  33646.91 99 
131652.0  33646.79 99 
131656.0  33646.63 99 
131700.0  33646.53 99 
131704.0  33646.50 99 
131708.0  33646.40 99 
131712.0  33646.19 99 
131716.0  33646.10 99 
131720.0  33645.88 99 
131724.0  33645.62 99 
131728.0  33645.46 99 
131732.0  33645.30 99 
131736.0  33645.14 99 
131740.0  33644.97 99 
131744.0  33644.78 99 
131748.0  33644.62 99 
131752.0  33644.51 99 
131756.0  33644.32 99 
131800.0  33644.29 99 
131804.0  33644.23 99 
131808.0  33644.15 99 
131812.0  33644.08 99 
131816.0  33643.97 99 
131820.0  33643.91 99 
131824.0  33643.90 99 
131828.0  33643.87 99 
131832.0  33643.84 99 
131836.0  33643.76 99 
131840.0  33643.62 99 
131844.0  33643.52 99 
131848.0  33643.49 99 
131852.0  33643.38 99 
131856.0  33643.28 99 
131900.0  33643.27 99 
131904.0  33643.24 99 
131908.0  33643.16 99 
131912.0  33643.08 99 
131916.0  33643.04 99 
131920.0  33642.98 99 
131924.0  33642.85 99 
131928.0  33642.81 99 
131932.0  33642.72 99 
131936.0  33642.66 99 
131940.0  33642.58 99 
131944.0  33642.53 99 
131948.0  33642.39 99 
131952.0  33642.31 99 
131956.0  33642.26 99 
132000.0  33642.23 99 
132004.0  33642.19 99 
132008.0  33642.15 99 
132012.0  33642.10 99 
132016.0  33642.06 99 
132020.0  33642.01 99 
132024.0  33642.00 99 
132028.0  33641.97 99 
132032.0  33641.97 99 
132036.0  33641.99 99 
132040.0  33641.96 99 
132044.0  33641.99 99 
132048.0  33641.93 99 
132052.0  33641.94 99 
132056.0  33641.89 99 
132100.0  33641.86 99 
132104.0  33641.88 99 
132108.0  33641.84 99 
132112.0  33641.86 99 
132116.0  33641.85 99 
132120.0  33641.79 99 
132124.0  33641.75 99 
132128.0  33641.65 99 
132132.0  33641.64 99 
132136.0  33641.60 99 
132140.0  33641.55 99 
132144.0  33641.45 99 
132148.0  33641.31 99 
132152.0  33641.20 99 
132156.0  33641.06 99 
132200.0  33640.90 99 
132204.0  33641.03 99 
132208.0  33641.02 99 
132212.0  33640.88 99 
132216.0  33640.79 99 
132220.0  33640.70 99 
132224.0  33640.62 99 
132228.0  33640.53 99 
132232.0  33640.47 99 
132236.0  33640.42 99 
132240.0  33640.29 99 
132244.0  33640.25 99 
132248.0  33640.21 99 
132252.0  33640.14 99 
132256.0  33640.08 99 
132300.0  33640.04 99 
132304.0  33639.92 99 
132308.0  33639.85 99 
132312.0  33639.78 99 
132316.0  33639.76 99 
132320.0  33639.70 99 
132324.0  33639.64 99 
132328.0  33639.63 99 
132332.0  33639.62 99 
132336.0  33639.49 99 
132340.0  33639.46 99 
132344.0  33639.40 99 
132348.0  33639.30 99 
132352.0  33639.18 99 
132356.0  33639.09 99 
132400.0  33638.98 99 
132404.0  33638.84 99 
132408.0  33638.79 99 
132412.0  33638.71 99 
132416.0  33638.58 99 
132420.0  33638.52 99 
132424.0  33638.40 99 
132428.0  33638.29 99 
132432.0  33638.26 99 
132436.0  33638.21 99 
132440.0  33638.11 99 
132444.0  33637.91 99 
132448.0  33637.81 99 
132452.0  33637.85 99 
132456.0  33637.92 99 
132500.0  33637.84 99 
132504.0  33637.76 99 
132508.0  33637.84 99 
132512.0  33637.85 99 
132516.0  33637.83 99 
132520.0  33637.90 99 
132524.0  33637.91 99 
132528.0  33637.92 99 
132532.0  33637.94 99 
132536.0  33637.90 99 
132540.0  33637.88 99 
132544.0  33637.90 99 
132548.0  33637.80 99 
132552.0  33637.75 99 
132556.0  33637.78 99 
132600.0  33637.70 99 
132604.0  33637.69 99 
132608.0  33637.69 99 
132612.0  33637.65 99 
132616.0  33637.57 99 
132620.0  33637.63 99 
132624.0  33637.54 99 
132628.0  33637.54 99 
132632.0  33637.55 99 
132636.0  33637.46 99 
132640.0  33637.45 99 
132644.0  33637.52 99 
132648.0  33637.52 99 
132652.0  33637.50 99 
132656.0  33637.58 99 
132700.0  33637.55 99 
132704.0  33637.56 99 
132708.0  33637.66 99 
132712.0  33637.67 99 
132716.0  33637.64 99 
132720.0  33637.73 99 
132724.0  33637.75 99 
132728.0  33637.75 99 
132732.0  33637.83 99 
132736.0  33637.88 99 
132740.0  33637.90 99 
132744.0  33638.00 99 
132748.0  33638.00 99 
132752.0  33637.99 99 
132756.0  33638.10 99 
132800.0  33638.14 99 
132804.0  33638.12 99 
132808.0  33638.22 99 
132812.0  33638.20 99 
132816.0  33638.15 99 
132820.0  33638.16 99 
132824.0  33638.16 99 
132828.0  33638.13 99 
132832.0  33638.15 99 
132836.0  33638.14 99 
132840.0  33638.12 99 
132844.0  33638.10 99 
132848.0  33638.04 99 
132852.0  33638.05 99 
132856.0  33638.04 99 
132900.0  33637.96 99 
132904.0  33637.92 99 
132908.0  33638.01 99 
132912.0  33637.96 99 
132916.0  33637.91 99 
132920.0  33637.92 99 
132924.0  33637.87 99 
132928.0  33637.88 99 
132932.0  33637.86 99 
132936.0  33637.83 99 
132940.0  33637.85 99 
132944.0  33637.89 99 
132948.0  33637.84 99 
132952.0  33637.79 99 
132956.0  33637.85 99 
133000.0  33637.78 99 
133004.0  33637.75 99 
133008.0  33637.84 99 
133012.0  33637.76 99 
133016.0  33637.74 99 
133020.0  33637.87 99 
133024.0  33637.81 99 
133028.0  33637.76 99 
133032.0  33637.78 99 
133036.0  33637.75 99 
133040.0  33637.75 99 
133044.0  33637.70 99 
133048.0  33637.58 99 
133052.0  33637.60 99 
133056.0  33637.59 99 
133100.0  33637.52 99 
133104.0  33637.48 99 
133108.0  33637.52 99 
133112.0  33637.49 99 
133116.0  33637.41 99 
133120.0  33637.47 99 
133124.0  33637.39 99 
133128.0  33637.31 99 
133132.0  33637.38 99 
133136.0  33637.32 99 
133140.0  33637.32 99 
133144.0  33637.32 99 
133148.0  33637.26 99 
133152.0  33637.23 99 
133156.0  33637.31 99 
133200.0  33637.26 99 
133204.0  33637.26 99 
133208.0  33637.30 99 
133212.0  33637.24 99 
133216.0  33637.21 99 
133220.0  33637.23 99 
133224.0  33637.17 99 
133228.0  33637.15 99 
133232.0  33637.19 99 
133236.0  33637.12 99 
133240.0  33637.07 99 
133244.0  33637.14 99 
133248.0  33637.05 99 
133252.0  33636.99 99 
133256.0  33637.08 99 
133300.0  33637.00 99 
133304.0  33636.96 99 
133308.0  33636.96 99 
133312.0  33636.87 99 
133316.0  33636.78 99 
133320.0  33636.84 99 
133324.0  33636.65 99 
133328.0  33636.69 99 
133332.0  33636.68 99 
133336.0  33636.64 99 
133340.0  33636.52 99 
133344.0  33636.64 99 
133348.0  33636.63 99 
133352.0  33636.54 99 
133356.0  33636.50 99 
133400.0  33636.42 99 
133404.0  33636.42 99 
133408.0  33636.45 99 
133412.0  33636.99 99 
133416.0  33636.08 99 
133420.0  33636.37 99 
133424.0  33636.65 99 
133428.0  33636.58 99 
133432.0  33636.73 99 
133436.0  33636.63 99 
133440.0  33637.09 99 
133444.0  33637.23 99 
